------------------------------
89.872580933 540.842079207 0
------------------------------
4.004216323 -1.9599526419 0
4.777967364 -1.9003187218 0
6.970702086 -0.9129446409 0
9.089920008 2.7981555226 0
10.543357449 5.5053376051 0
10.77304577 7.522069767 0
17.385312016 21.3301542598 0
16.433355535 23.0635481814 0
15.180075534 23.4355673818 0
11.47882625 22.3686579408 0
7.082186246 21.3602611398 0
5.223516164 21.0198899395 0
-1.998439682 17.3831193761 0
-4.582657285 13.5433600126 0
-5.006876165 11.3860633706 0
-10.38859393 8.1858124876 0
-12.737424652 7.0395315265 0
-14.677502734 6.2136921657 0
-17.273829137 5.5053798451 0
-20.378126099 4.1647257638 0
-20.69257986 1.2757414411 0
-15.834142735 -0.2551360003 0
-14.087971854 0.5074956804 0
-13.384846093 1.3577971212 0
-7.489454087 -5.5578265652 0
-6.486485767 -5.8206784055 0
162.523317907 -258.769757681 0
164.150781597 -258.797788401 0
165.329326237 -258.758314481 0
165.946232477 -258.1132124 0
166.091032477 -257.766838 0
166.666258077 -255.510410478 0
166.666258077 -254.613446637 0
166.751918237 -254.143586796 0
166.275431837 -250.127164393 0
165.559907997 -249.090048232 0
165.405582237 -248.823762151 0
165.307370397 -248.487402471 0
165.265283997 -247.87073815 0
165.237422237 -247.24208023 0
165.545578397 -247.04900759 0
165.699907997 -246.96491799 0
166.204981917 -246.698631909 0
166.752146077 -246.85279639 0
168.141106077 -246.89484183 0
168.393639837 -246.95090199 0
170.527609757 -243.526617826 0
171.060743837 -243.316391906 0
171.355374237 -243.218288866 0
171.621938077 -243.106165986 0
172.295374237 -242.531548386 0
172.365522077 -242.363367905 0
172.611493277 -242.160928225 0
172.920149917 -242.118884065 0
173.467315357 -241.880626145 0
174.547616167 -242.343124705 0
176.231200167 -242.721532386 0
176.562322087 -242.856980706 0
178.270471847 -242.656778466 0
180.809877927 -242.881016546 0
183.539097767 -241.715591905 0
185.292832177 -241.897788385 0
185.753646257 -242.001056225 0
186.320445617 -241.439612385 0
189.169555377 -239.027196382 0
189.899110577 -237.597660381 0
190.925423537 -236.2199567 0
191.621280177 -235.890068699 0
191.722994097 -235.481383899 0
191.733326257 -235.300981979 0
191.550517937 -234.635314138 0
191.538919857 -234.489679578 0
191.804289457 -233.670849497 0
191.916334257 -233.482343897 0
193.183620017 -230.320557014 0
194.857419697 -230.552080854 0
196.525401787 -230.786278615 0
201.088843707 -229.924486614 0
201.235282107 -229.408185813 0
201.347265467 -229.167246293 0
201.778692027 -227.385330131 0
201.764772027 -227.253348051 0
201.771731387 -226.961600211 0
201.909273787 -226.511028691 0
202.090169787 -226.34753045 0
203.353660347 -224.419719889 0
203.473418427 -223.799805648 0
204.979328187 -222.193692367 0
205.469674427 -222.110255567 0
206.483968187 -221.958392526 0
206.559662267 -221.688348366 0
206.538034107 -221.342690766 0
206.505596347 -220.705386445 0
207.291353797 -219.658703564 0
208.302336197 -214.585862599 0
208.280708037 -214.369828039 0
210.103086277 -213.297470918 0
210.237892037 -213.311253958 0
210.407420357 -213.262080198 0
211.051192517 -210.582507716 0
211.235015877 -210.463690436 0
211.557419717 -210.102080195 0
212.057660357 -208.135833793 0
212.252295877 -207.908998593 0
212.329319877 -207.840979393 0
213.206507717 -207.537436353 0
214.083108037 -206.344792512 0
215.056292037 -205.869514431 0
215.607763397 -204.40047379 0
215.737522117 -204.16283667 0
216.857412037 -204.20316819 0
217.852224207 -203.814304189 0
219.301188047 -203.349828029 0
220.133802447 -203.079782589 0
220.620394447 -203.285016509 0
221.372814287 -203.368980669 0
221.599887567 -202.764082108 0
222.421689807 -201.284240827 0
222.551449807 -200.949386427 0
222.637954767 -200.592928186 0
222.681316047 -200.108597946 0
222.886766287 -199.093231545 0
222.811032527 -197.164692663 0
222.735342287 -196.797432503 0
222.638022607 -196.473377463 0
222.497419727 -195.732080822 0
222.519078607 -195.555228342 0
222.994855887 -194.12939666 0
223.167868367 -193.79454226 0
223.568225487 -193.4084277 0
225.338219727 -192.183780019 0
225.396263887 -191.223072178 0
225.450329807 -190.899018417 0
224.272005327 -186.745340334 0
224.251719887 -186.264679853 0
224.012736207 -185.886126253 0
223.472132047 -183.22016657 0
223.255868367 -182.323618729 0
221.995938767 -180.407256488 0
220.846859727 -179.848494247 0
220.445418447 -179.891640487 0
217.337419717 -179.082080166 0
216.314532037 -178.712888486 0
215.774791877 -178.653732006 0
215.468654277 -178.777113766 0
215.151773637 -179.039968166 0
214.411705797 -178.986588326 0
214.032231877 -179.074273446 0
211.973348037 -179.206528167 0
211.142724037 -179.066868646 0
210.488718277 -178.480248486 0
207.878066117 -178.167421606 0
207.256608197 -177.633346725 0
205.466378427 -175.916668323 0
204.773540027 -175.262214563 0
204.534169787 -175.108750243 0
203.854073787 -174.148070562 0
203.756004027 -173.923797922 0
203.686521787 -173.738884001 0
204.020967867 -172.827500961 0
204.200295867 -172.10125456 0
204.289962427 -171.215827359 0
204.160448187 -171.056651679 0
203.418798267 -170.459453598 0
203.369720507 -170.066380958 0
203.397920187 -168.963659677 0
203.644437947 -166.393670555 0
203.629920187 -165.648380314 0
202.763353787 -164.425354393 0
201.373615547 -161.94357647 0
201.139858107 -161.76702735 0
200.931367867 -161.58417807 0
200.678656187 -161.37610639 0
200.662820027 -161.27728015 0
201.274517947 -160.655202709 0
202.383940027 -157.078457746 0
202.864737467 -156.404106385 0
203.457419707 -154.982080144 0
203.488623547 -154.447316623 0
203.519314107 -153.987530383 0
203.613497787 -153.879029903 0
203.426656187 -152.762754702 0
201.053944507 -152.281217421 0
199.846834107 -152.362958222 0
199.447876027 -152.322087822 0
199.181217467 -152.317180302 0
198.087320507 -152.076870541 0
197.157419707 -151.897080461 0
195.809524657 -151.552106381 0
195.523090097 -151.490799501 0
195.532580017 -151.07004046 0
195.661002417 -150.88614798 0
196.212121787 -150.25621646 0
195.983532987 -148.530485898 0
195.921806267 -148.290150538 0
197.343740347 -145.858397575 0
197.333620667 -144.795380614 0
195.221903537 -144.245059974 0
195.144242097 -143.962030214 0
194.131214257 -141.811408772 0
194.681248177 -140.776875651 0
193.842258097 -138.386318209 0
193.834035377 -137.305122688 0
193.834035377 -136.783023487 0
193.879257777 -135.788160126 0
194.172522417 -133.407946364 0
195.083211697 -126.196231797 0
192.620249777 -124.422516596 0
191.606830257 -124.535174516 0
191.426204337 -124.433600116 0
190.546525617 -121.128710512 0
190.629519537 -120.630281072 0
191.244274097 -113.427819625 0
191.122484657 -113.427819625 0
188.905907377 -112.745795945 0
187.736723377 -112.490037864 0
187.115598257 -112.356070504 0
185.556686257 -112.161204584 0
184.825945767 -112.149026664 0
184.679797927 -112.136848744 0
184.229176487 -112.100309864 0
181.805557927 -112.075952744 0
180.709447847 -112.039416424 0
180.283186087 -112.136848744 0
180.015246247 -111.978520424 0
178.310190247 -112.100309864 0
169.041977757 -112.197742184 0
166.837582237 -112.222100584 0
163.484426387 -112.250656104 0
162.744934547 -112.250656104 0
160.177959827 -112.055157864 0
159.183467667 -112.259157864 0
158.350476947 -112.624654185 0
158.078478227 -112.658652265 0
157.313486227 -112.718151785 0
154.219516307 -113.151648105 0
153.879520147 -112.947650665 0
153.548021907 -112.514154344 0
153.378023827 -112.429154664 0
151.397542537 -113.491644265 0
151.372042377 -113.602141545 0
150.709049737 -114.027138666 0
150.598549897 -114.010140266 0
150.564549257 -113.797642346 0
150.496550537 -113.610644585 0
150.360551817 -113.185647465 0
150.437052297 -112.845650025 0
150.652021897 -112.382727784 0
150.257269897 -111.518900584 0
150.229173897 -111.195797863 0
150.101824137 -110.086414182 0
150.000085897 -109.899872102 0
149.970791817 -109.818695782 0
149.935777417 -109.685401702 0
149.875658377 -109.090611301 0
149.849486217 -108.969240421 0
149.818044297 -108.729006181 0
149.720293257 -108.21788042 0
149.700210057 -107.9295041 0
149.535890057 -106.409091939 0
149.518254217 -106.249972579 0
149.420835977 -105.752359778 0
149.401458057 -105.681838178 0
149.380249737 -105.485799778 0
149.367727497 -105.338197858 0
149.351701897 -105.163232098 0
149.326803337 -104.841738337 0
149.021043337 -103.778456416 0
148.697337737 -102.074122335 0
148.620796297 -101.817458014 0
148.334642057 -100.723534173 0
148.262798217 -100.420152413 0
148.138521737 -99.9232244134 0
148.137472137 -99.9094106534 0
148.086602377 -99.2851047324 0
148.080949897 -99.2360960924 0
148.046955657 -98.9974183324 0
148.020882057 -98.7474164124 0
147.966034057 -98.5285645714 0
147.734245257 -98.1333914514 0
147.685358217 -98.1025460114 0
147.629042057 -98.0945101714 0
147.620408457 -98.0938906514 0
147.612451977 -98.0495706514 0
147.578542217 -97.8715725714 0
147.640321417 -97.8595853714 0
147.589511817 -97.5215040904 0
147.589440137 -97.5210701704 0
147.589408137 -97.5208640904 0
148.842254217 -93.4136679274 0
149.412718217 -92.2727335264 0
148.366866057 -88.0893159224 0
147.556850057 -86.8352743214 0
147.562713737 -86.5508186404 0
147.555858057 -86.1497984804 0
147.540011657 -86.0569626404 0
147.512682377 -84.3633907984 0
147.504224137 -79.6498381544 0
147.510222217 -78.2162624724 0
147.518745737 -78.1949325524 0
144.359907977 -76.0154023104 0
143.747886217 -75.5963584704 0
143.653941897 -75.5681306304 0
142.706858377 -75.5854042304 0
140.274245247 -75.5739712704 0
139.322154367 -75.5048704704 0
137.933458047 -73.8876327084 0
137.856391807 -73.4794099884 0
137.926529407 -73.4071386284 0
137.975782527 -73.3585920684 0
138.368355967 -72.9465024684 0
138.879221887 -72.4176563874 0
138.896131967 -72.4120448674 0
138.739367807 -71.8117427874 0
138.600277887 -71.6626163864 0
138.248722047 -71.2300301464 0
137.592590207 -70.7246605464 0
137.564403327 -70.6962445454 0
137.319201407 -70.4729959054 0
137.159989887 -70.3473485454 0
136.469308287 -70.0505344654 0
136.168181887 -70.2015578254 0
136.093465727 -70.2496115854 0
135.552229247 -70.6479296654 0
135.332056447 -70.9347546264 0
134.658599807 -71.5805645464 0
134.290835327 -71.9850176674 0
131.856348287 -71.6186765464 0
131.507239807 -71.4956979864 0
131.482119797 -70.9064947864 0
131.517063807 -70.5945203854 0
131.287069557 -70.4992128654 0
131.268320117 -70.4471424654 0
130.541203317 -68.2326835834 0
130.526734197 -68.1895706234 0
130.526720117 -68.1853747834 0
130.522485877 -68.1356007034 0
130.702770037 -66.2679155814 0
128.142659957 -66.9715904624 0
128.161820277 -67.0589760624 0
126.756651637 -67.4381261424 0
126.429554037 -67.4294541424 0
126.401923957 -67.4366003824 0
126.207861877 -67.4551706224 0
125.448693877 -67.6955661434 0
125.399317877 -67.7094746234 0
121.850994037 -68.7112883844 0
121.172583797 -68.9042944644 0
120.822396277 -69.0984525444 0
120.802752117 -69.1631744644 0
120.801792117 -69.1734887044 0
120.798126197 -69.2128704644 0
120.800441717 -69.2612045444 0
120.987668597 -70.2888525454 0
121.121226357 -71.0318707864 0
121.329762677 -71.2700621464 0
124.032999797 -70.5327104654 0
124.180931957 -70.5500455054 0
124.191384437 -70.5546343054 0
124.308064117 -70.7164685464 0
124.518403957 -71.8363661474 0
124.057269877 -72.9181261484 0
123.893280117 -72.9454298284 0
123.404213877 -73.1141043884 0
123.387872117 -73.1198656684 0
122.938190197 -73.2786266284 0
122.495352437 -73.4332864684 0
122.490684277 -73.4344525484 0
122.489625717 -73.4347264684 0
122.471741557 -73.4425523884 0
122.423164277 -73.4906099884 0
122.492313717 -73.7851943084 0
122.604646517 -74.1167386294 0
122.604700277 -74.1239245494 0
122.597891957 -74.1410343094 0
122.593731957 -74.1445415094 0
122.588938357 -74.1465063094 0
122.571264117 -74.1514765494 0
121.784227957 -74.4848205494 0
121.737351797 -74.7249344694 0
121.510659957 -75.0072154304 0
120.475755627 -74.1149005494 0
116.268565867 -73.7532685484 0
116.450581867 -71.8249485474 0
116.471101547 -71.7467955864 0
117.035392107 -70.1303706254 0
117.089528427 -70.0617306254 0
117.065362027 -69.8993127054 0
117.035015787 -69.8064243854 0
116.986258027 -69.7585805454 0
116.922720107 -69.7282125454 0
116.015516267 -69.4310784644 0
116.015566187 -69.4286464644 0
115.970965867 -69.4021274244 0
115.915470187 -69.3805363844 0
115.808779627 -69.3985575044 0
114.842190187 -69.0273523844 0
114.116231787 -69.1743245444 0
112.749784427 -69.4667674244 0
112.614758507 -69.5524685444 0
112.558631787 -69.6872845454 0
112.491235947 -69.6648205454 0
112.161742187 -69.4364224644 0
111.724576107 -69.1810381444 0
111.577642347 -69.0357888644 0
111.461319787 -68.9296243844 0
111.263168107 -68.8016384644 0
110.400690027 -66.8510925424 0
110.508707947 -66.2227085414 0
109.714419302 -65.9536602214 0
109.666560102 -66.0707840614 0
109.668117862 -66.0899239014 0
109.660167782 -66.1331661414 0
109.481450342 -66.2462247014 0
108.766844261 -66.5405786224 0
108.687374181 -66.4804544624 0
108.570777701 -66.3883443814 0
107.84471818 -65.8356083814 0
108.699712101 -64.7150426204 0
108.12196618 -64.8124595804 0
107.52663818 -65.5923687014 0
107.5264961 -65.5925786214 0
106.928999779 -65.1383603804 0
106.826798179 -64.9182259804 0
106.836302179 -64.9049843804 0
106.840117859 -64.8996480604 0
106.325998179 -64.4975399004 0
106.259425379 -64.4513728604 0
106.244882018 -64.4393805404 0
104.163406177 -62.8675034184 0
104.148462177 -62.8500941384 0
104.126044257 -62.8158426184 0
104.120096097 -62.8031386184 0
104.104640096 -62.7565402184 0
105.514223458 -60.2400166964 0
105.708732258 -59.8013760554 0
105.464166498 -59.6127142954 0
104.705074017 -59.0394394154 0
101.723964254 -61.3351846974 0
101.664367454 -61.2190400574 0
99.692736092 -59.0768742954 0
99.691452252 -59.0756224554 0
97.14150793 -51.1096998874 0
95.203282008 -53.6602061304 0
95.148935768 -53.7318784504 0
92.384773206 -52.1267366884 0
88.100626002 -35.3152883529 0
88.102460242 -35.3176205129 0
88.112114002 -35.330146593 0
87.710560081 -35.6094144332 0
87.584071761 -35.6622643533 0
87.065372241 -35.1394701128 0
86.29380232 -34.2178841919 0
85.413201999 -33.0948019509 0
85.209345359 -32.7847385906 0
84.882624079 -32.3922355502 0
84.727061838 -32.2854285101 0
84.609546318 -32.2864499501 0
84.531677518 -32.3686643502 0
84.381369678 -32.9285427507 0
84.363004238 -33.0350502708 0
84.392006478 -33.5869555513 0
84.527360078 -33.7990861115 0
84.634517838 -34.1079245118 0
84.594044238 -34.1944448319 0
84.576995918 -34.4920115522 0
84.566737998 -34.7452723524 0
84.570720078 -34.8434765125 0
84.458449998 -35.4797222731 0
84.320800078 -36.2153984338 0
84.247509838 -36.5398438741 0
83.954755918 -37.6371904351 0
83.952906318 -37.6613363551 0
83.951064398 -37.7272345952 0
83.941998158 -37.8576704353 0
83.901607758 -37.8841139553 0
83.878126158 -37.9175001954 0
83.793934158 -38.1890713956 0
83.785934158 -38.2166733156 0
83.810869838 -38.3371968358 0
83.822435918 -38.7873267562 0
83.793713998 -39.668272677 0
83.821991758 -39.7534144371 0
83.794108238 -39.8024601971 0
83.793717838 -39.8132198771 0
83.818411598 -39.8565542772 0
84.010232398 -40.3257805176 0
84.050622798 -40.4211187577 0
84.106983758 -40.5428621178 0
84.188398158 -40.726026278 0
84.201447758 -40.751220518 0
84.246424398 -40.8080921981 0
84.478695758 -41.0511667584 0
84.495622478 -41.1115264384 0
84.471118158 -41.1123763584 0
84.464821838 -41.1184243584 0
84.463260238 -41.1496499584 0
84.569198158 -41.3071744384 0
84.580188238 -41.3152640384 0
84.585105998 -41.3169459584 0
84.588910158 -41.3159168384 0
84.750571598 -41.4357645184 0
84.809713999 -41.5021465984 0
85.056380239 -41.7722765194 0
85.101756239 -41.7719206794 0
85.137355599 -41.7493862794 0
85.178037839 -41.7203366794 0
85.193059919 -41.8046003594 0
85.166766159 -41.8156723594 0
85.168533839 -41.8234073994 0
85.344885839 -42.0324659594 0
85.454022479 -42.1637824394 0
85.439733839 -42.2530457994 0
85.430421839 -42.2999974794 0
85.406901839 -42.3671987594 0
85.097852239 -42.5108045194 0
84.269603918 -45.9943347624 0
84.139317838 -46.8479744434 0
84.176642638 -46.8632742834 0
85.735424079 -47.6393306044 0
85.670524239 -49.4887347664 0
85.92041224 -50.5458163674 0
85.87399816 -50.7615744474 0
85.821628239 -50.9818304474 0
85.735303759 -51.0541683674 0
85.189376079 -52.1469286884 0
84.999943759 -53.2246643694 0
84.723653198 -53.3906125294 0
84.360192078 -53.6499008504 0
84.339086158 -53.6520525304 0
84.323676238 -53.6550464504 0
84.305948238 -53.6595853304 0
84.270163278 -53.6784358904 0
84.232454478 -53.7449024504 0
84.198104398 -53.7956454904 0
84.185283918 -53.8053005304 0
84.150218318 -53.8213402104 0
84.013020238 -53.8384422904 0
83.970069838 -53.8734195704 0
83.947708238 -53.8538842104 0
83.895527758 -53.8094067704 0
83.805155918 -53.7302963704 0
83.737998158 -53.7130675704 0
81.243722315 -55.3936845314 0
81.216945995 -55.5382182914 0
81.095982155 -55.6524864514 0
81.013506635 -55.8934746124 0
81.029706315 -55.9420582924 0
81.093866315 -56.0827840524 0
81.182165835 -56.7037606924 0
81.295822155 -57.0070886934 0
81.063960395 -56.9753075734 0
81.010434635 -56.9585165334 0
80.998960715 -57.0757862934 0
81.296426315 -57.1026586134 0
81.319430475 -57.1716467734 0
81.275590475 -57.2445504534 0
81.109105995 -57.4616141334 0
81.091249995 -57.4958605334 0
81.056732235 -57.5691546134 0
81.033816395 -57.6275366934 0
80.982119755 -57.8271283744 0
80.975971915 -58.8461043744 0
80.997329995 -59.0699162154 0
81.025044555 -59.3133888554 0
81.053982795 -59.5184653354 0
81.095769675 -59.7962624554 0
81.120394315 -59.8538266154 0
81.387508555 -59.7998720554 0
81.485379915 -60.2271962164 0
82.429429836 -60.2633715764 0
83.165745997 -61.4033587774 0
80.228145994 -64.7414823004 0
78.660419913 -65.5327143014 0
77.177856071 -66.2848064614 0
76.421244231 -65.0135245404 0
75.59191559 -63.3437082194 0
75.063054149 -61.9352806974 0
75.095303749 -61.8886963774 0
76.09963399 -60.4300403764 0
76.584582471 -59.7227302954 0
77.533560392 -58.3594842144 0
77.684582472 -58.1401446944 0
78.177262152 -57.3260467734 0
78.074108232 -57.2588224534 0
77.976028232 -57.1792282134 0
78.539160393 -56.3644467724 0
78.542908233 -56.3590221324 0
78.572551753 -56.0007603724 0
78.680654153 -54.2252083704 0
76.705952071 -45.2211814824 0
73.268093508 -52.6142502894 0
70.128032065 -59.4656986154 0
70.096455745 -59.5296384554 0
70.076323905 -59.5742374954 0
69.392757824 -61.0649203774 0
66.725199422 -69.8234765454 0
66.638031422 -70.6493543054 0
66.653112382 -70.6146048654 0
66.658378302 -70.6133696654 0
66.840298302 -70.5649523854 0
66.850293822 -70.6086375054 0
66.859174462 -70.6384627854 0
66.860270142 -70.6426023054 0
66.951042622 -70.7823501464 0
67.166727742 -70.8519475864 0
67.415658302 -70.9485043864 0
67.423797822 -71.1679514264 0
67.422544702 -71.1754765464 0
67.415758142 -71.2037325464 0
67.403292222 -71.2363840664 0
67.245514302 -71.4916800664 0
66.688209982 -73.1383143084 0
66.633408062 -73.2938701484 0
66.589105982 -73.4057946284 0
66.578478142 -73.4387866284 0
66.554958142 -73.5412186284 0
66.542471742 -73.6074035884 0
66.406979901 -73.7552384684 0
66.407342141 -73.7699443884 0
66.427096381 -73.8244762284 0
66.431893821 -73.8445005484 0
66.434193981 -73.8913063084 0
66.444704061 -74.0881754294 0
66.441809981 -74.1026944694 0
66.297486141 -74.1593843894 0
66.116149821 -74.0945203894 0
65.962627901 -74.0604954294 0
65.505308221 -73.9520666294 0
65.12958598 -75.1037543104 0
64.90748934 -75.8421248704 0
64.46798598 -77.2923328724 0
64.88490374 -77.4198579924 0
64.98893574 -77.0639744714 0
64.99454214 -77.0446925514 0
65.1324263 -77.0868864714 0
65.499904061 -77.2009843924 0
65.45049222 -77.3424602324 0
65.43550214 -77.3867239124 0
65.21980166 -78.0166106324 0
65.21714822 -78.0225805524 0
65.12769414 -78.2766515934 0
65.0168359 -78.5554061534 0
64.88365062 -79.0801203934 0
64.84091526 -79.2188339934 0
64.81771014 -79.5051443944 0
64.64515206 -80.2034483944 0
64.56890246 -80.3820263154 0
64.56699014 -80.3862707954 0
64.56088582 -80.3926144754 0
63.821500219 -80.6343565554 0
63.793422139 -80.6696205554 0
63.975527739 -83.4916224774 0
63.754787899 -84.8221786394 0
62.272920378 -84.5427341584 0
60.907804216 -89.0547943234 0
60.903888696 -89.0675661634 0
62.182307897 -91.7458164054 0
62.184291897 -91.7499316054 0
62.522606138 -91.7183744854 0
62.526122298 -91.7213428054 0
62.931232058 -92.1097242454 0
62.907228218 -92.1045364054 0
62.895491898 -92.1021364054 0
62.737807418 -92.0773504854 0
62.658631738 -92.0651444054 0
62.807271738 -92.3585268064 0
62.829048378 -92.4789824864 0
62.733350458 -93.0077415264 0
62.486368058 -94.3882202484 0
62.195299897 -96.0767655294 0
62.103253817 -96.6190106504 0
59.773985335 -96.3814004094 0
58.819505974 -98.4817242514 0
61.870336057 -97.5976807314 0
61.860494137 -97.6509120914 0
61.842799417 -97.7464858514 0
61.745268537 -98.3019866514 0
61.740000057 -98.3395124114 0
61.735169337 -98.3720282514 0
61.724846137 -98.4101274514 0
61.771132217 -98.4371341714 0
61.781884217 -98.4389133714 0
61.794460217 -98.4414746514 0
61.538485817 -99.5891405724 0
63.226713658 -100.522644573 0
62.960508218 -101.942418015 0
61.037898296 -101.764948574 0
61.307573817 -104.140952417 0
79.310716233 -116.221344108 0
86.35280392 -103.353296736 0
87.605893201 -105.531220578 0
87.298674001 -106.732252259 0
90.585877844 -110.175000422 0
90.887754324 -110.488898663 0
92.166648405 -108.574324581 0
93.310210646 -109.220856421 0
93.750716247 -108.951668581 0
93.772384087 -108.935530341 0
93.966471767 -108.890410341 0
96.71552393 -111.975910504 0
97.50050057 -112.146978664 0
97.64081033 -112.120682344 0
97.65960841 -112.120888424 0
97.719164251 -112.680912745 0
97.41452425 -113.613551465 0
95.878709849 -113.871682666 0
96.214273369 -116.375444588 0
89.125742163 -125.823211637 0
88.616894802 -129.6940366 0
90.159488084 -132.779224443 0
91.163104084 -132.890740603 0
91.386130005 -132.983667323 0
91.553397845 -132.965080443 0
91.013294164 -134.735664765 0
90.746453844 -135.114858365 0
90.282994004 -135.171036286 0
90.226816084 -135.086767485 0
90.156594004 -134.946328445 0
89.791445843 -135.494049406 0
89.875708243 -135.536184446 0
88.906656082 -135.929424766 0
87.123040081 -135.676628606 0
86.814066 -135.353610366 0
86.53318408 -135.030589565 0
86.43487368 -135.016547965 0
85.99950216 -135.845158526 0
85.381553999 -135.746845566 0
85.142804559 -135.887292286 0
85.381553999 -136.266485887 0
86.65165192 -137.075878527 0
87.911829841 -137.410611328 0
89.876231763 -138.445724289 0
91.810502485 -139.65530253 0
92.657184086 -140.30508429 0
97.02842249 -143.593355653 0
97.46160777 -143.869021574 0
98.193970011 -144.459480454 0
98.602144091 -144.793442694 0
101.816604254 -147.541578377 0
102.854834015 -148.482850698 0
103.695111776 -149.222136459 0
104.014162016 -149.474972299 0
104.219605857 -149.590036619 0
104.934549857 -150.40458638 0
105.417692258 -151.04447246 0
106.689287779 -151.665907341 0
108.653042021 -153.125410702 0
110.876096107 -154.821614224 0
111.471399787 -155.325282704 0
111.719792747 -156.986369426 0
111.722172267 -157.193255826 0
111.733479787 -158.175938707 0
111.771616107 -160.783746709 0
111.764288107 -164.897212313 0
114.096448107 -167.175164315 0
116.372188267 -169.338941597 0
118.146997867 -171.087545759 0
121.579634037 -173.200747681 0
122.521579637 -173.811073442 0
122.999704437 -174.302514082 0
123.188892277 -174.583737762 0
123.643964277 -175.723972003 0
123.874055797 -176.444928164 0
124.093920117 -176.981810084 0
124.492746357 -177.728327845 0
124.758631797 -178.157835686 0
125.121664117 -178.745849766 0
125.467302517 -179.859184807 0
125.782236277 -180.680033448 0
125.899200117 -181.003082408 0
125.906809717 -181.024096168 0
126.005998197 -181.352647849 0
126.037422197 -181.692080809 0
125.816355957 -182.020985769 0
125.016476277 -183.17974417 0
124.746428277 -183.44467217 0
124.703964277 -183.607279531 0
124.583648117 -183.904220331 0
124.116536437 -184.901085612 0
123.960832117 -184.957644972 0
122.403797877 -185.077835692 0
122.044082037 -185.214483372 0
121.870638197 -185.288484012 0
121.374638197 -185.783850413 0
120.949991797 -186.589826733 0
120.829621877 -188.242520495 0
120.870698357 -190.013653937 0
121.218471797 -190.811256497 0
121.643939957 -192.170553779 0
125.163494517 -193.3714037 0
124.829589877 -193.92409362 0
124.667420277 -194.06208018 0
124.002071157 -194.09279634 0
123.200202357 -194.769688501 0
122.875083637 -195.821044662 0
122.769714037 -196.614548663 0
122.679347317 -196.814086583 0
122.454026357 -197.316096183 0
122.443392117 -197.342384823 0
122.189056117 -198.241322424 0
120.790520437 -201.262918587 0
120.230546027 -202.951687869 0
120.448768107 -203.581639869 0
120.926438517 -204.69645843 0
121.120974197 -205.166087871 0
121.187672437 -205.360582591 0
121.108523637 -206.066464192 0
121.675517557 -206.929090752 0
121.877044597 -207.320285633 0
122.268472437 -208.103142593 0
122.234762357 -208.108537793 0
124.495040117 -210.309568196 0
124.704519797 -211.280780996 0
126.260626037 -224.431961809 0
127.648673397 -226.903367891 0
126.481074037 -231.077197015 0
126.072114037 -232.588715736 0
126.971576437 -235.299378139 0
129.658328437 -241.188984544 0
130.008281717 -242.987705826 0
131.940028287 -243.881743587 0
132.567879807 -244.508934627 0
133.561027967 -244.645775587 0
133.829159807 -244.748472548 0
134.125039487 -244.992526308 0
134.444675967 -245.779364069 0
135.506516607 -252.009958634 0
135.495100287 -252.477500395 0
136.408341887 -252.751182315 0
138.386816127 -253.524166636 0
138.683011967 -253.996430316 0
138.694428287 -254.281518316 0
139.095651967 -255.906222318 0
139.403868287 -256.020253678 0
139.986062207 -256.476391919 0
141.864199807 -258.042358 0
147.568526217 -259.957174002 0
147.822561417 -260.095594482 0
148.001422217 -260.128980722 0
148.469205897 -260.072526322 0
149.890393737 -258.32011672 0
151.202584457 -258.619215601 0
151.377422217 -258.667082481 0
152.233600137 -258.042358 0
156.722136467 -259.465774321 0
157.269301907 -259.690016242 0
158.644227987 -260.194560242 0
