------------------------------
252.39589884 282.072321526 0
------------------------------
1.62746369 -0.02803072 0
2.80600833 0.0114432 0
3.42291457 0.656545281 0
3.56771457 1.002919681 0
4.14294017 3.259347203 0
4.14294017 4.156311044 0
4.22860033 4.626170885 0
3.75211393 8.642593288 0
3.03659009 9.679709449 0
2.88226433 9.94599553 0
2.78405249 10.28235521 0
2.74196609 10.899019531 0
2.71410433 11.527677451 0
3.02226049 11.720750091 0
3.17659009 11.804839691 0
3.68166401 12.071125772 0
4.22882817 11.916961291 0
5.61778817 11.874915851 0
5.87032193 11.818855691 0
8.00429185 15.243139855 0
8.53742593 15.453365775 0
8.83205633 15.551468815 0
9.09862017 15.663591695 0
9.77205633 16.238209295 0
9.84220417 16.406389776 0
10.08817537 16.608829456 0
10.39683201 16.650873616 0
10.94399745 16.889131536 0
12.02429826 16.426632976 0
13.70788226 16.048225295 0
14.03900418 15.912776975 0
15.74715394 16.112979215 0
18.28656002 15.888741135 0
21.01577986 17.054165776 0
22.76951427 16.871969296 0
23.23032835 16.768701456 0
23.79712771 17.330145296 0
26.64623747 19.742561299 0
27.37579267 21.1720973 0
28.40210563 22.549800981 0
29.09796227 22.879688982 0
29.19967619 23.288373782 0
29.21000835 23.468775702 0
29.02720003 24.134443543 0
29.01560195 24.280078103 0
29.28097155 25.098908184 0
29.39301635 25.287413784 0
30.66030211 28.449200667 0
32.33410179 28.217676827 0
34.00208388 27.983479066 0
38.5655258 28.845271067 0
38.7119642 29.361571868 0
38.82394756 29.602511388 0
39.25537412 31.38442755 0
39.24145412 31.51640963 0
39.24841348 31.80815747 0
39.38595588 32.25872899 0
39.56685188 32.422227231 0
40.83034244 34.350037792 0
40.95010052 34.969952033 0
42.45601028 36.576065314 0
42.94635652 36.659502114 0
43.96065028 36.811365155 0
44.03634436 37.081409315 0
44.0147162 37.427066915 0
43.98227844 38.064371236 0
44.76803589 39.111054117 0
45.77901829 44.183895082 0
45.75739013 44.399929642 0
47.57976837 45.472286763 0
47.71457413 45.458503723 0
47.88410245 45.507677483 0
48.52787461 48.187249965 0
48.71169797 48.306067245 0
49.03410181 48.667677486 0
49.53434245 50.633923888 0
49.72897797 50.860759088 0
49.80600197 50.928778288 0
50.68318981 51.232321328 0
51.55979013 52.424965169 0
52.53297413 52.90024325 0
53.08444549 54.369283891 0
53.21420421 54.606921011 0
54.33409413 54.566589491 0
55.3289063 54.955453492 0
56.77787014 55.419929652 0
57.61048454 55.689975092 0
58.09707654 55.484741172 0
58.84949638 55.400777012 0
59.07656966 56.005675573 0
59.8983719 57.485516854 0
60.0281319 57.820371254 0
60.11463686 58.176829495 0
60.15799814 58.661159735 0
60.36344838 59.676526136 0
60.28771462 61.605065018 0
60.21202438 61.972325178 0
60.1147047 62.296380218 0
59.97410182 63.037676859 0
59.9957607 63.214529339 0
60.47153798 64.640361021 0
60.64455046 64.975215421 0
61.04490758 65.361329981 0
62.81490182 66.585977662 0
62.87294598 67.546685503 0
62.9270119 67.870739264 0
61.74868742 72.024417347 0
61.72840198 72.505077828 0
61.4894183 72.883631428 0
60.94881414 75.549591111 0
60.73255046 76.446138952 0
59.47262086 78.362501193 0
58.32354182 78.921263434 0
57.92210054 78.878117194 0
54.81410181 79.687677515 0
53.79121413 80.056869195 0
53.25147397 80.116025675 0
52.94533637 79.992643915 0
52.62845573 79.729789515 0
51.88838789 79.783169355 0
51.50891397 79.695484235 0
49.45003013 79.563229514 0
48.61940613 79.702889035 0
47.96540037 80.289509195 0
45.35474821 80.602336075 0
44.73329029 81.136410956 0
42.94306052 82.853089358 0
42.25022212 83.507543118 0
42.01085188 83.661007438 0
41.33075588 84.621687119 0
41.23268612 84.845959759 0
41.16320388 85.03087368 0
41.49764996 85.94225672 0
41.67697796 86.668503121 0
41.76664452 87.553930322 0
41.63713028 87.713106002 0
40.89548036 88.310304083 0
40.8464026 88.703376723 0
40.87460228 89.806098004 0
41.12112004 92.376087126 0
41.10660228 93.121377367 0
40.24003588 94.344403288 0
38.85029764 96.826181211 0
38.6165402 97.002730331 0
38.40804996 97.185579611 0
38.15533828 97.393651291 0
38.13950212 97.492477531 0
38.75120004 98.114554972 0
39.86062212 101.691299935 0
40.34141956 102.365651296 0
40.9341018 103.787677537 0
40.96530564 104.322441058 0
40.9959962 104.782227298 0
41.09017988 104.890727778 0
40.90333828 106.007002979 0
38.5306266 106.48854026 0
37.3235162 106.406799459 0
36.92455812 106.447669859 0
36.65789956 106.452577379 0
35.5640026 106.69288714 0
34.6341018 106.87267722 0
33.28620675 107.2176513 0
32.99977219 107.27895818 0
33.00926211 107.699717221 0
33.13768451 107.883609701 0
33.68880388 108.513541221 0
33.46021508 110.239271783 0
33.39848836 110.479607143 0
34.82042244 112.911360106 0
34.81030276 113.974377067 0
32.69858563 114.524697707 0
32.62092419 114.807727467 0
31.60789635 116.958348909 0
32.15793027 117.99288203 0
31.31894019 120.383439472 0
31.31071747 121.464634993 0
31.31071747 121.986734194 0
31.35593987 122.981597555 0
31.64920451 125.361811317 0
32.55989379 132.573525884 0
30.09693187 134.347241085 0
29.08351235 134.234583165 0
28.90288643 134.336157565 0
28.02320771 137.641047169 0
28.10620163 138.139476609 0
28.72095619 145.341938056 0
28.59916675 145.341938056 0
26.38258947 146.023961736 0
25.21340547 146.279719817 0
24.59228035 146.413687177 0
23.03336835 146.608553097 0
22.30262786 146.620731017 0
22.15648002 146.632908937 0
21.70585858 146.669447817 0
19.28224002 146.693804937 0
18.18612994 146.730341257 0
17.75986818 146.632908937 0
17.49192834 146.791237257 0
15.78687234 146.669447817 0
6.51865985 146.572015497 0
4.31426433 146.547657097 0
0.96110848 146.519101577 0
0.22161664 146.519101577 0
-2.34535808 146.714599817 0
-3.33985024 146.510599817 0
-4.17284096 146.145103496 0
-4.44483968 146.111105416 0
-5.20983168 146.051605896 0
-8.3038016 145.618109576 0
-8.64379776 145.822107016 0
-8.975296 146.255603337 0
-9.14529408 146.340603017 0
-11.12577537 145.278113416 0
-11.15127553 145.167616136 0
-11.81426817 144.742619015 0
-11.92476801 144.759617415 0
-11.95876865 144.972115335 0
-12.02676737 145.159113096 0
-12.16276609 145.584110216 0
-12.08626561 145.924107656 0
-11.87129601 146.387029897 0
-12.26604801 147.250857097 0
-12.29414401 147.573959818 0
-12.42149377 148.683343499 0
-12.52323201 148.869885579 0
-12.55252609 148.951061899 0
-12.58754049 149.084355979 0
-12.64765953 149.67914638 0
-12.67383169 149.80051726 0
-12.70527361 150.0407515 0
-12.80302465 150.551877261 0
-12.82310785 150.840253581 0
-12.98742785 152.360665742 0
-13.00506369 152.519785102 0
-13.10248193 153.017397903 0
-13.12185985 153.087919503 0
-13.14306817 153.283957903 0
-13.15559041 153.431559823 0
-13.17161601 153.606525583 0
-13.19651457 153.928019344 0
-13.50227457 154.991301265 0
-13.82598017 156.695635346 0
-13.90252161 156.952299667 0
-14.18867585 158.046223508 0
-14.26051969 158.349605268 0
-14.38479617 158.846533268 0
-14.38584577 158.860347028 0
-14.43671553 159.484652949 0
-14.44236801 159.533661589 0
-14.47636225 159.772339349 0
-14.50243585 160.022341269 0
-14.55728385 160.24119311 0
-14.78907265 160.63636623 0
-14.83795969 160.66721167 0
-14.89427585 160.67524751 0
-14.90290945 160.67586703 0
-14.91086593 160.72018703 0
-14.94477569 160.89818511 0
-14.88299649 160.91017231 0
-14.93380609 161.248253591 0
-14.93387777 161.248687511 0
-14.93390977 161.248893591 0
-13.68106369 165.356089754 0
-13.11059969 166.497024155 0
-14.15645185 170.680441759 0
-14.96646785 171.93448336 0
-14.96060417 172.218939041 0
-14.96745985 172.619959201 0
-14.98330625 172.712795041 0
-15.01063553 174.406366883 0
-15.01909377 179.119919527 0
-15.01309569 180.553495209 0
-15.00457217 180.574825129 0
-18.16340993 182.754355371 0
-18.77543169 183.173399211 0
-18.86937601 183.201627051 0
-19.81645953 183.184353451 0
-22.24907266 183.195786411 0
-23.20116354 183.264887211 0
-24.58985986 184.882124973 0
-24.6669261 185.290347693 0
-24.5967885 185.362619053 0
-24.54753538 185.411165613 0
-24.15496194 185.823255213 0
-23.64409602 186.352101294 0
-23.62718594 186.357712814 0
-23.7839501 186.958014894 0
-23.92304002 187.107141295 0
-24.27459586 187.539727535 0
-24.9307277 188.045097135 0
-24.95891458 188.073513136 0
-25.2041165 188.296761776 0
-25.36332802 188.422409136 0
-26.05400962 188.719223216 0
-26.35513602 188.568199856 0
-26.42985218 188.520146096 0
-26.97108866 188.121828016 0
-27.19126146 187.835003055 0
-27.8647181 187.189193135 0
-28.23248258 186.784740014 0
-30.66696962 187.151081135 0
-31.0160781 187.274059695 0
-31.04119811 187.863262895 0
-31.0062541 188.175237296 0
-31.23624835 188.270544816 0
-31.25499779 188.322615216 0
-31.98211459 190.537074098 0
-31.99658371 190.580187058 0
-31.99659779 190.584382898 0
-32.00083203 190.634156978 0
-31.82054787 192.5018421 0
-34.38065795 191.798167219 0
-34.36149763 191.710781619 0
-35.76666627 191.331631539 0
-36.09376387 191.340303539 0
-36.12139395 191.333157299 0
-36.31545603 191.314587059 0
-37.07462403 191.074191538 0
-37.12400003 191.060283058 0
-40.67232387 190.058469297 0
-41.35073411 189.865463217 0
-41.70092163 189.671305137 0
-41.72056579 189.606583217 0
-41.72152579 189.596268977 0
-41.72519171 189.556887217 0
-41.72287619 189.508553137 0
-41.53564931 188.480905136 0
-41.40209155 187.737886895 0
-41.19355523 187.499695535 0
-38.49031811 188.237047216 0
-38.34238595 188.219712176 0
-38.33193347 188.215123376 0
-38.21525379 188.053289135 0
-38.00491395 186.933391534 0
-38.46604803 185.851631533 0
-38.63003779 185.824327853 0
-39.11910403 185.655653293 0
-39.13544579 185.649892013 0
-39.58512771 185.491131053 0
-40.02796547 185.336471213 0
-40.03263363 185.335305133 0
-40.03369219 185.335031213 0
-40.05157635 185.327205293 0
-40.10015363 185.279147693 0
-40.03100419 184.984563373 0
-39.91867139 184.653019052 0
-39.91861763 184.645833132 0
-39.92542595 184.628723372 0
-39.92958595 184.625216172 0
-39.93437955 184.623251372 0
-39.95205379 184.618281132 0
-40.73908995 184.284937132 0
-40.78596611 184.044823212 0
-41.01265795 183.762542251 0
-42.04756228 184.654857132 0
-46.25475204 185.016489133 0
-46.07273604 186.944809134 0
-46.05221636 187.022962095 0
-45.4879258 188.639387056 0
-45.43378948 188.708027056 0
-45.45795588 188.870444976 0
-45.48830212 188.963333296 0
-45.53705988 189.011177136 0
-45.6005978 189.041545136 0
-46.50780164 189.338679217 0
-46.50775172 189.341111217 0
-46.55235204 189.367630257 0
-46.60784772 189.389221297 0
-46.71453828 189.371200177 0
-47.68112772 189.742405297 0
-48.40708612 189.595433137 0
-49.77353348 189.302990257 0
-49.9085594 189.217289137 0
-49.96468612 189.082473136 0
-50.03208196 189.104937136 0
-50.36157572 189.333335217 0
-50.7987418 189.588719537 0
-50.94567556 189.733968817 0
-51.06199812 189.840133297 0
-51.2601498 189.968119217 0
-52.12262788 191.918665139 0
-52.01460996 192.54704914 0
-52.808898605 192.81609746 0
-52.856757805 192.69897362 0
-52.855200045 192.67983378 0
-52.863150125 192.63659154 0
-53.041867565 192.52353298 0
-53.756473646 192.229179059 0
-53.835943726 192.289303219 0
-53.952540206 192.3814133 0
-54.678599727 192.9341493 0
-53.823605806 194.054715061 0
-54.401351727 193.957298101 0
-54.996679727 193.17738898 0
-54.996821807 193.17717906 0
-55.594318128 193.631397301 0
-55.696519728 193.851531701 0
-55.687015728 193.864773301 0
-55.683200048 193.870109621 0
-56.197319728 194.272217781 0
-56.263892528 194.318384821 0
-56.278435889 194.330377141 0
-58.35991173 195.902254263 0
-58.37485573 195.919663543 0
-58.39727365 195.953915063 0
-58.40322181 195.966619063 0
-58.418677811 196.013217463 0
-57.009094449 198.529740985 0
-56.814585649 198.968381626 0
-57.059151409 199.157043386 0
-57.81824389 199.730318266 0
-60.799353653 197.434572984 0
-60.858950453 197.550717624 0
-62.830581815 199.692883386 0
-62.831865655 199.694135226 0
-65.381809977 207.660057794 0
-67.320035899 205.109551551 0
-67.374382139 205.037879231 0
-70.138544701 206.643020993 0
-74.422691905 223.454469328 0
-74.420857665 223.452137168 0
-74.411203905 223.439611088 0
-74.812757826 223.160343248 0
-74.939246146 223.107493328 0
-75.457945666 223.630287568 0
-76.229515587 224.551873489 0
-77.110115908 225.67495573 0
-77.313972548 225.98501909 0
-77.640693828 226.377522131 0
-77.796256069 226.484329171 0
-77.913771589 226.483307731 0
-77.991640389 226.401093331 0
-78.141948229 225.84121493 0
-78.160313669 225.73470741 0
-78.131311429 225.18280213 0
-77.995957829 224.970671569 0
-77.888800069 224.661833169 0
-77.929273669 224.575312849 0
-77.946321989 224.277746129 0
-77.956579909 224.024485329 0
-77.952597829 223.926281168 0
-78.064867909 223.290035408 0
-78.202517829 222.554359247 0
-78.275808069 222.229913807 0
-78.568561989 221.132567246 0
-78.570411589 221.108421326 0
-78.572253509 221.042523086 0
-78.581319749 220.912087246 0
-78.621710149 220.885643726 0
-78.645191749 220.852257486 0
-78.729383749 220.580686285 0
-78.737383749 220.553084365 0
-78.712448069 220.432560845 0
-78.700881989 219.982430925 0
-78.729603909 219.101485004 0
-78.701326149 219.016343244 0
-78.729209669 218.967297484 0
-78.729600069 218.956537804 0
-78.704906309 218.913203404 0
-78.513085509 218.443977163 0
-78.472695109 218.348638923 0
-78.416334149 218.226895563 0
-78.334919749 218.043731403 0
-78.321870149 218.018537163 0
-78.276893509 217.961665483 0
-78.044622149 217.718590923 0
-78.027695429 217.658231243 0
-78.052199749 217.657381323 0
-78.058496069 217.651333323 0
-78.060057669 217.620107723 0
-77.954119749 217.462583243 0
-77.943129669 217.454493643 0
-77.938211909 217.452811723 0
-77.934407749 217.453840843 0
-77.772746309 217.333993163 0
-77.713603908 217.267611083 0
-77.466937668 216.997481162 0
-77.421561668 216.997837002 0
-77.385962308 217.020371402 0
-77.345280068 217.049421002 0
-77.330257988 216.965157322 0
-77.356551748 216.954085322 0
-77.354784068 216.946350282 0
-77.178432068 216.737291722 0
-77.069295428 216.605975242 0
-77.083584068 216.516711882 0
-77.092896068 216.469760202 0
-77.116416068 216.402558922 0
-77.425465668 216.258953162 0
-78.253713989 212.775422919 0
-78.384000069 211.921783238 0
-78.346675269 211.906483398 0
-76.787893828 211.130427077 0
-76.852793668 209.281022915 0
-76.602905667 208.223941314 0
-76.649319747 208.008183234 0
-76.701689668 207.787927234 0
-76.788014148 207.715589314 0
-77.333941828 206.622828993 0
-77.523374148 205.545093312 0
-77.799664709 205.379145152 0
-78.163125829 205.119856831 0
-78.184231749 205.117705151 0
-78.199641669 205.114711231 0
-78.217369669 205.110172351 0
-78.253154629 205.091321791 0
-78.290863429 205.024855231 0
-78.325213509 204.974112191 0
-78.338033989 204.964457151 0
-78.373099589 204.948417471 0
-78.510297669 204.931315391 0
-78.553248069 204.896338111 0
-78.575609669 204.915873471 0
-78.627790149 204.960350911 0
-78.718161989 205.039461311 0
-78.785319749 205.056690111 0
-81.279595592 203.37607315 0
-81.306371912 203.23153939 0
-81.427335752 203.11727123 0
-81.509811272 202.876283069 0
-81.493611592 202.827699389 0
-81.429451592 202.686973629 0
-81.341152072 202.065996989 0
-81.227495752 201.762668988 0
-81.459357512 201.794450108 0
-81.512883272 201.811241148 0
-81.524357192 201.693971388 0
-81.226891592 201.667099068 0
-81.203887432 201.598110908 0
-81.247727432 201.525207228 0
-81.414211912 201.308143548 0
-81.432067912 201.273897148 0
-81.466585672 201.200603068 0
-81.489501512 201.142220988 0
-81.541198152 200.942629307 0
-81.547345992 199.923653307 0
-81.525987912 199.699841466 0
-81.498273352 199.456368826 0
-81.469335112 199.251292346 0
-81.427548232 198.973495226 0
-81.402923592 198.915931066 0
-81.135809352 198.969885626 0
-81.037937992 198.542561465 0
-80.093888071 198.506386105 0
-79.35757191 197.366398904 0
-82.295171913 194.028275381 0
-83.862897994 193.23704338 0
-85.345461836 192.48495122 0
-86.102073676 193.756233141 0
-86.931402317 195.426049462 0
-87.460263758 196.834476984 0
-87.428014158 196.881061304 0
-86.423683917 198.339717305 0
-85.938735436 199.047027386 0
-84.989757515 200.410273467 0
-84.838735435 200.629612987 0
-84.346055755 201.443710908 0
-84.449209675 201.510935228 0
-84.547289675 201.590529468 0
-83.984157514 202.405310909 0
-83.980409674 202.410735549 0
-83.950766154 202.768997309 0
-83.842663754 204.544549311 0
-85.817365836 213.548576199 0
-89.255224399 206.155507392 0
-92.395285842 199.304059066 0
-92.426862162 199.240119226 0
-92.446994002 199.195520186 0
-93.130560083 197.704837304 0
-95.798118485 188.946281136 0
-95.885286485 188.120403376 0
-95.870205525 188.155152816 0
-95.864939605 188.156388016 0
-95.683019605 188.204805296 0
-95.673024085 188.161120176 0
-95.664143445 188.131294896 0
-95.663047765 188.127155376 0
-95.572275285 187.987407535 0
-95.356590165 187.917810095 0
-95.107659605 187.821253295 0
-95.099520085 187.601806255 0
-95.100773205 187.594281135 0
-95.107559765 187.566025135 0
-95.120025685 187.533373615 0
-95.277803605 187.278077615 0
-95.835107925 185.631443373 0
-95.889909845 185.475887533 0
-95.934211925 185.363963053 0
-95.944839765 185.330971053 0
-95.968359765 185.228539053 0
-95.980846165 185.162354093 0
-96.116338006 185.014519213 0
-96.115975766 184.999813293 0
-96.096221526 184.945281453 0
-96.091424086 184.925257133 0
-96.089123926 184.878451373 0
-96.078613846 184.681582252 0
-96.081507926 184.667063212 0
-96.225831766 184.610373292 0
-96.407168086 184.675237292 0
-96.560690006 184.709262252 0
-97.018009686 184.817691052 0
-97.393731927 183.666003371 0
-97.615828567 182.927632811 0
-98.055331927 181.477424809 0
-97.638414167 181.349899689 0
-97.534382167 181.70578321 0
-97.528775767 181.72506513 0
-97.390891607 181.68287121 0
-97.023413846 181.568773289 0
-97.072825687 181.427297449 0
-97.087815767 181.383033769 0
-97.303516247 180.753147049 0
-97.306169687 180.747177129 0
-97.395623767 180.493106088 0
-97.506482007 180.214351528 0
-97.639667287 179.689637288 0
-97.682402647 179.550923688 0
-97.705607767 179.264613287 0
-97.878165847 178.566309287 0
-97.954415447 178.387731366 0
-97.956327767 178.383486886 0
-97.962432087 178.377143206 0
-98.701817688 178.135401126 0
-98.729895768 178.100137126 0
-98.547790168 175.278135204 0
-98.768530008 173.947579042 0
-100.250397529 174.227023523 0
-101.615513691 169.714963358 0
-101.619429211 169.702191518 0
-100.34101001 167.023941276 0
-100.33902601 167.019826076 0
-100.000711769 167.051383196 0
-99.997195609 167.048414876 0
-99.592085849 166.660033436 0
-99.616089689 166.665221276 0
-99.627826009 166.667621276 0
-99.785510489 166.692407196 0
-99.864686169 166.704613276 0
-99.716046169 166.411230875 0
-99.694269529 166.290775195 0
-99.789967449 165.762016155 0
-100.036949849 164.381537433 0
-100.32801801 162.692992152 0
-100.42006409 162.150747031 0
-102.749332572 162.388357272 0
-103.703811933 160.28803343 0
-100.65298185 161.17207695 0
-100.66282377 161.11884559 0
-100.68051849 161.02327183 0
-100.77804937 160.46777103 0
-100.78331785 160.43024527 0
-100.78814857 160.39772943 0
-100.79847177 160.35963023 0
-100.75218569 160.33262351 0
-100.74143369 160.33084431 0
-100.72885769 160.32828303 0
-100.98483209 159.180617109 0
-99.296604249 158.247113108 0
-99.562809689 156.827339666 0
-101.485419611 157.004809107 0
-101.21574409 154.628805264 0
-83.212601674 142.548413573 0
-76.170513987 155.416460945 0
-74.917424706 153.238537103 0
-75.224643906 152.037505422 0
-71.937440063 148.594757259 0
-71.635563583 148.280859018 0
-70.356669502 150.1954331 0
-69.213107261 149.54890126 0
-68.77260166 149.8180891 0
-68.75093382 149.83422734 0
-68.55684614 149.87934734 0
-65.807793977 146.793847177 0
-65.022817337 146.622779017 0
-64.882507577 146.649075337 0
-64.863709497 146.648869257 0
-64.804153656 146.088844936 0
-65.108793657 145.156206216 0
-66.644608058 144.898075015 0
-66.309044538 142.394313093 0
-73.397575744 132.946546044 0
-73.906423105 129.075721081 0
-72.363829823 125.990533238 0
-71.360213823 125.879017078 0
-71.137187902 125.786090358 0
-70.969920062 125.804677238 0
-71.510023743 124.034092916 0
-71.776864063 123.654899316 0
-72.240323903 123.598721395 0
-72.296501823 123.682990196 0
-72.366723903 123.823429236 0
-72.731872064 123.275708275 0
-72.647609664 123.233573235 0
-73.616661825 122.840332915 0
-75.400277826 123.093129075 0
-75.709251907 123.416147315 0
-75.990133827 123.739168116 0
-76.088444227 123.753209716 0
-76.523815747 122.924599155 0
-77.141763908 123.022912115 0
-77.380513348 122.882465395 0
-77.141763908 122.503271794 0
-75.871665987 121.693879154 0
-74.611488066 121.359146353 0
-72.647086144 120.324033392 0
-70.712815422 119.114455151 0
-69.866133821 118.464673391 0
-65.494895417 115.176402028 0
-65.061710137 114.900736107 0
-64.329347896 114.310277227 0
-63.921173816 113.976314987 0
-60.706713653 111.228179304 0
-59.668483892 110.286906983 0
-58.828206131 109.547621222 0
-58.509155891 109.294785382 0
-58.30371205 109.179721062 0
-57.58876805 108.365171301 0
-57.105625649 107.725285221 0
-55.834030128 107.10385034 0
-53.870275886 105.644346979 0
-51.6472218 103.948143457 0
-51.05191812 103.444474977 0
-50.80352516 101.783388255 0
-50.80114564 101.576501855 0
-50.78983812 100.593818974 0
-50.7517018 97.986010972 0
-50.7590298 93.872545368 0
-48.4268698 91.594593366 0
-46.15112964 89.430816084 0
-44.37632004 87.682211922 0
-40.94368387 85.56901 0
-40.00173827 84.958684239 0
-39.52361347 84.467243599 0
-39.33442563 84.186019919 0
-38.87935363 83.045785678 0
-38.64926211 82.324829517 0
-38.42939779 81.787947597 0
-38.03057155 81.041429836 0
-37.76468611 80.611921995 0
-37.40165379 80.023907915 0
-37.05601539 78.910572874 0
-36.74108163 78.089724233 0
-36.62411779 77.766675273 0
-36.61650819 77.745661513 0
-36.51731971 77.417109832 0
-36.48589571 77.077676872 0
-36.70696195 76.748771912 0
-37.50684163 75.590013511 0
-37.77688963 75.325085511 0
-37.81935363 75.16247815 0
-37.93966979 74.86553735 0
-38.40678147 73.868672069 0
-38.56248579 73.812112709 0
-40.11952003 73.691921989 0
-40.47923587 73.555274309 0
-40.65267971 73.481273669 0
-41.14867971 72.985907268 0
-41.57332611 72.179930948 0
-41.69369603 70.527237186 0
-41.65261955 68.756103744 0
-41.30484611 67.958501184 0
-40.87937795 66.599203902 0
-37.35982339 65.398353981 0
-37.69372803 64.845664061 0
-37.85589763 64.707677501 0
-38.52124675 64.676961341 0
-39.32311555 64.00006918 0
-39.64823427 62.948713019 0
-39.75360387 62.155209018 0
-39.84397059 61.955671098 0
-40.06929155 61.453661498 0
-40.07992579 61.427372858 0
-40.33426179 60.528435257 0
-41.73279747 57.506839094 0
-42.29277188 55.818069812 0
-42.0745498 55.188117812 0
-41.59687939 54.073299251 0
-41.40234371 53.60366981 0
-41.33564547 53.40917509 0
-41.41479427 52.703293489 0
-40.84780035 51.840666929 0
-40.64627331 51.449472048 0
-40.25484547 50.666615088 0
-40.28855555 50.661219888 0
-38.02827779 48.460189485 0
-37.81879811 47.488976685 0
-36.26269187 34.337795872 0
-34.87464451 31.86638979 0
-36.04224387 27.692560666 0
-36.45120387 26.181041945 0
-35.55174147 23.470379542 0
-32.86498947 17.580773137 0
-32.51503619 15.782051855 0
-30.58328962 14.888014094 0
-29.9554381 14.260823054 0
-28.96228994 14.123982094 0
-28.6941581 14.021285133 0
-28.39827842 13.777231373 0
-28.07864194 12.990393612 0
-27.0168013 6.759799047 0
-27.02821762 6.292257286 0
-26.11497602 6.018575366 0
-24.13650178 5.245591045 0
-23.84030594 4.773327365 0
-23.82888962 4.488239365 0
-23.42766594 2.863535363 0
-23.11944962 2.749504003 0
-22.5372557 2.293365762 0
-20.6591181 0.727399681 0
-14.95479169 -1.187416321 0
-14.70075649 -1.325836801 0
-14.52189569 -1.359223041 0
-14.05411201 -1.302768641 0
-12.63292417 0.449640961 0
-11.32073345 0.15054208 0
-11.14589569 0.1026752 0
-10.28971777 0.727399681 0
-5.80118144 -0.69601664 0
-5.254016 -0.920258561 0
-3.87908992 -1.424802561 0
