------------------------------
352.52126854 355.609919035 0
------------------------------
1.9452544 0.725774081 0
3.0702208 0.913070081 0
3.8905088 1.474960641 0
5.91033984 4.981194244 0
6.05773056 5.193209605 0
6.1638464 5.393446405 0
6.34071296 5.947040005 0
6.95384576 6.235616006 0
7.16019072 6.329844486 0
7.7044096 6.891281926 0
8.37111808 7.409208327 0
10.48765185 9.512629769 0
11.03513217 10.040177929 0
12.39854977 9.846301449 0
12.48028801 10.151115529 0
11.70233217 11.37497985 0
11.96147841 11.869802251 0
12.64967425 13.272746252 0
13.51933441 16.058680335 0
13.96370817 16.560729615 0
15.15493249 18.369578257 0
15.50137857 19.356089618 0
21.6757005 18.834069777 0
28.27577858 22.549027861 0
30.06626435 25.422634264 0
30.15511683 25.479179544 0
38.96544899 23.569862422 0
42.46261764 21.99488002 0
42.47873028 22.997347861 0
42.47873284 34.835719712 0
42.47870468 34.862812192 0
42.47712388 42.194036519 0
42.47873412 51.440704048 0
42.47873028 51.442528048 0
42.47874436 51.443331888 0
42.47873028 51.443416368 0
42.54437636 57.187335733 0
42.56390404 58.636007734 0
42.58110468 58.677575734 0
41.3732762 61.616067897 0
39.12433027 61.658342457 0
34.25277827 58.636700214 0
31.64231427 59.045941815 0
28.99731842 61.817361977 0
27.06124034 63.659352379 0
24.89887234 64.36561414 0
21.69721986 65.237984061 0
19.16128641 68.412590144 0
18.79091969 69.539665985 0
18.64657409 70.089620545 0
18.30617217 71.190211906 0
17.39730433 74.224244549 0
16.31466625 76.746435911 0
15.37534465 77.936110152 0
15.07369217 78.147267913 0
13.89724801 78.780736073 0
12.89089025 79.207833674 0
5.96669824 80.430314315 0
0.96808576 84.390080078 0
-1.4948032 88.594610002 0
-3.66795393 94.887170648 0
-6.00726017 95.955740249 0
-8.98192769 96.33118601 0
-19.98532354 93.067712087 0
-25.32817795 91.421534805 0
-25.36547587 90.523417684 0
-25.36373763 90.490112084 0
-25.34828163 90.435040084 0
-25.28646019 90.331420244 0
-25.28242563 90.322456404 0
-25.31158019 90.309382484 0
-25.40200707 90.304416084 0
-25.54968323 90.271900244 0
-25.59971715 90.281753684 0
-25.67430403 90.393341524 0
-25.69003779 90.424341844 0
-25.73344899 90.462962004 0
-25.74979587 90.473045844 0
-25.79831939 90.503424084 0
-26.08134147 90.637966164 0
-26.08202371 90.638062164 0
-26.28636547 90.597763924 0
-26.43675011 90.567485524 0
-26.62292355 90.568088404 0
-26.78680579 90.570453844 0
-26.79215491 90.568288084 0
-26.84709379 90.554983764 0
-26.88208643 90.553350484 0
-27.00934019 90.546599764 0
-27.03176835 90.536505684 0
-27.23598979 90.351335764 0
-27.24100227 90.348025684 0
-27.31333891 90.264771924 0
-27.33388931 90.242098004 0
-27.40060931 90.186653524 0
-27.44833283 90.188782164 0
-27.50126595 90.204960084 0
-27.52630787 90.257373524 0
-27.55964419 90.372245844 0
-27.58466563 90.389166164 0
-27.72163331 90.416679764 0
-27.80483971 90.406176084 0
-27.93094787 90.305607764 0
-28.13738755 90.348093524 0
-28.29358723 90.347826004 0
-28.35714563 90.330054484 0
-28.43384707 90.317650004 0
-28.46032003 90.296903764 0
-28.47391107 90.290638164 0
-28.54610435 90.276967764 0
-28.56861827 90.263637844 0
-28.61591171 90.204359764 0
-28.62287363 90.194366804 0
-28.64237699 90.172178004 0
-28.64724995 90.167168084 0
-28.66566403 90.158741844 0
-28.73509123 90.171886164 0
-28.82521987 90.183808084 0
-28.82655363 90.183186004 0
-28.83977987 90.173230164 0
-28.93630595 90.083331924 0
-28.93996931 90.081611604 0
-29.01569411 90.057916244 0
-29.01975427 90.054512724 0
-29.01398915 90.041149524 0
-28.90945923 89.957909844 0
-28.85495811 89.801266003 0
-28.83165315 89.703250003 0
-28.52904579 89.305166163 0
-28.50610179 89.184656723 0
-28.49263619 89.111442003 0
-28.38556931 88.939367763 0
-28.34003587 88.886467923 0
-28.31815555 88.881419603 0
-28.29487363 88.881419603 0
-28.20482691 88.871040083 0
-28.17368067 88.845239123 0
-28.04078211 88.687439442 0
-28.01881987 88.643023442 0
-28.04819587 88.536124242 0
-28.05669635 88.503026002 0
-27.77017987 87.947445842 0
-27.72774531 87.905010002 0
-27.63933187 87.766062162 0
-27.63306371 87.730780242 0
-27.47767939 87.534301521 0
-27.44424707 87.457739601 0
-27.26637187 87.198567761 0
-27.15215235 87.030506321 0
-27.15409155 87.013893201 0
-27.15240963 86.992999761 0
-27.11115907 86.877966161 0
-26.85042563 86.617475921 0
-26.79260163 86.59887752 0
-26.77729027 86.59431816 0
-26.78436739 85.192501839 0
-26.59932547 84.879353679 0
-26.81283587 84.737013839 0
-27.01211139 84.594673999 0
-27.16868611 84.495038799 0
-28.07966211 83.256679757 0
-28.84829571 82.075257676 0
-29.06180739 81.648240716 0
-30.44250627 80.096733514 0
-30.72718339 79.698182474 0
-31.01186179 79.413501514 0
-31.41041539 78.958013513 0
-31.99400963 78.289017673 0
-33.30353539 76.666342471 0
-32.74840963 76.054279751 0
-34.31414915 74.659349829 0
-34.32838403 74.531243589 0
-34.55612804 74.374670149 0
-35.96529156 74.431605829 0
-36.64852356 74.018819909 0
-36.84779908 73.776839749 0
-36.93320324 73.606033988 0
-39.52378884 72.638122307 0
-39.765769 72.623887427 0
-40.00774532 72.623887427 0
-41.1749338 73.435225668 0
-42.68373764 73.193248068 0
-42.93994756 73.036673348 0
-43.19615876 72.609653827 0
-43.5377754 72.609653827 0
-43.59471108 72.510016067 0
-43.39543556 72.239569987 0
-42.76913924 71.940655427 0
-42.45599364 71.100849986 0
-42.98264964 71.001213506 0
-43.15345668 71.513638466 0
-43.739721 72.030881347 0
-43.8258138 72.125583427 0
-44.2132314 73.322272068 0
-44.28210564 73.485848388 0
-45.04833028 73.081212228 0
-44.4715098 71.703729987 0
-44.46289924 71.497105986 0
-45.66819717 72.125583427 0
-45.78011909 72.125583427 0
-46.33972101 71.815649347 0
-47.01985413 71.402403906 0
-47.45892357 71.169955906 0
-48.59534981 70.532867906 0
-49.55958789 70.059360065 0
-49.62845957 70.059360065 0
-49.71455365 70.024921665 0
-49.90395781 69.938830145 0
-50.19667333 69.775253825 0
-51.17812997 69.155385664 0
-51.68607621 68.862670144 0
-52.64170373 68.173927743 0
-53.00329349 67.950087743 0
-53.14965125 67.863996223 0
-54.56157189 67.080551742 0
-55.00925317 66.753400382 0
-55.18144005 66.667307582 0
-56.11984902 65.995783741 0
-56.2489895 65.883861821 0
-57.04965126 65.556711741 0
-57.71256582 65.616976701 0
-56.79818886 65.874388541 0
-56.71724294 65.955335741 0
-57.63463814 66.252138302 0
-58.64646534 65.901372221 0
-58.91628806 65.847406141 0
-59.0511975 65.833916221 0
-59.15912582 65.833916221 0
-60.2788839 65.199836221 0
-61.66846342 65.375220541 0
-62.63981958 67.210001982 0
-62.38348934 66.845745982 0
-62.14065158 66.710833982 0
-62.20336134 67.284000063 0
-62.4812391 67.867541823 0
-62.31451142 67.950905663 0
-62.07831558 68.437189184 0
-61.9671655 68.562236224 0
-61.93937926 70.007193665 0
-62.8146919 70.493479745 0
-65.57956614 71.966225987 0
-66.02416774 72.271889987 0
-68.16381959 71.855075907 0
-69.88665607 71.243746626 0
-70.81809799 71.605305667 0
-71.30719751 69.274617664 0
-72.25279623 63.704305979 0
-71.78211335 61.809678137 0
-71.70911751 61.539325497 0
-71.65775111 61.431185977 0
-71.22248327 60.798560056 0
-71.05262983 60.718485816 0
-70.62798727 60.716821816 0
-70.02843911 60.809643576 0
-69.19663367 58.912317495 0
-67.56547591 59.035928375 0
-68.07012231 54.897560371 0
-68.76943111 48.909570605 0
-68.81465223 47.927037484 0
-68.80642951 46.845841963 0
-68.07468039 45.019037482 0
-67.95955207 44.807623722 0
-67.96743943 44.455284521 0
-68.35880967 43.748002601 0
-68.51747335 43.4207514 0
-68.75707783 42.96183812 0
-68.80126727 42.79008004 0
-68.79093767 42.7790938 0
-67.42678407 40.987100198 0
-67.28126727 40.790080038 0
-65.61194374 40.452734758 0
-65.31506694 40.436779558 0
-65.16080006 40.264583717 0
-65.00376326 39.862556197 0
-66.5312679 38.200079395 0
-66.66550406 37.391580195 0
-66.4859879 35.469169953 0
-67.28927367 33.945707551 0
-66.20492166 33.526794271 0
-64.56136582 33.155292191 0
-63.46746758 32.91497987 0
-62.38243334 32.91007235 0
-59.4771879 32.59332995 0
-59.05278214 32.38292867 0
-58.47102982 32.28372611 0
-58.39346822 32.23298051 0
-58.40770182 32.14946819 0
-58.8247335 31.716714269 0
-58.93846918 31.570656029 0
-59.03518982 31.353131549 0
-59.17029382 31.060715549 0
-59.16006534 30.784843549 0
-59.3849895 29.951971868 0
-59.5691239 29.369575707 0
-60.63566726 27.799879706 0
-60.77631366 26.370681624 0
-61.10431238 25.225777943 0
-61.64403334 24.430054423 0
-61.97003142 23.856053782 0
-61.0912679 23.150080021 0
-60.8201895 22.399552021 0
-59.32269574 20.081368339 0
-58.9851175 19.223102738 0
-59.03494022 18.194791697 0
-59.27896582 15.165777934 0
-58.37864966 13.618385933 0
-58.44839174 13.130905612 0
-58.47827974 12.931936012 0
-58.50816774 12.693168652 0
-58.6277223 12.404657931 0
-56.91376774 9.009721608 0
-56.35796742 8.183978247 0
-54.92126725 7.325080327 0
-54.02282373 6.594851846 0
-53.46746757 6.942179846 0
-53.30631429 6.933420806 0
-52.73126789 6.550080006 0
-52.15997189 6.751914246 0
-51.81126789 6.830080006 0
-51.50596357 6.165291526 0
-50.28326917 6.079278086 0
-49.80526597 6.170471686 0
-49.12126725 5.990080005 0
-48.96171013 6.002830085 0
-48.23698181 6.245574406 0
-47.84426757 6.294880006 0
-47.38949765 6.256565766 0
-47.18003589 6.455046406 0
-46.33415557 6.519274246 0
-43.64126724 6.330080006 0
-43.1418394 5.707426565 0
-42.9749658 5.520924165 0
-42.87645572 5.420650245 0
-39.39107332 4.205895684 0
-36.54910724 4.423125764 0
-35.97171588 4.513013764 0
-33.13857795 5.502823685 0
-32.78614403 5.323047685 0
-31.45889411 4.806190084 0
-31.05396995 4.356750084 0
-30.88150147 3.667608323 0
-29.25126147 3.490080003 0
-28.34213763 3.044025603 0
-27.87636739 2.763079682 0
-26.90126211 3.210080003 0
-25.62392195 3.275819523 0
-23.89924739 3.148478723 0
-23.48682626 2.946229763 0
-21.83388162 2.412814082 0
-21.08738946 2.524394242 0
-19.5126861 2.314653442 0
-18.75532546 2.329635842 0
-17.91548546 2.314653442 0
-17.43246338 2.435024642 0
-16.6751053 3.333908483 0
-15.4833613 4.253280004 0
-13.78142978 4.369547524 0
-12.40168961 4.167296004 0
-11.57458945 4.303897604 0
-10.59977601 4.940608004 0
-10.40125953 5.030080005 0
-10.17985409 4.955587844 0
-9.59496193 4.708395524 0
-9.27252353 3.929365763 0
-9.28002177 3.592284163 0
-7.77390209 1.164942081 0
-6.64117633 0.30939392 0
-6.38126721 -0.0999219199999 0
-6.33317505 -0.12012416 0
-5.49741953 0.0745881600001 0
-5.12132737 0.22062208 0
-4.27860737 -0.572131841 0
-3.56124801 -0.996326401 0
-2.1796224 -0.608714241 0
0.0 0.0 0
