------------------------------
229.36013434 80.611795259 0
------------------------------
-0.24314496 1.383705601 0
-0.54642944 1.772825601 0
1.1304768 2.243043842 0
1.50656512 2.986223363 0
1.79892224 3.815201283 0
1.93064448 3.895568643 0
2.36845312 3.879627523 0
4.38624385 4.360369924 0
4.70267649 4.411409924 0
5.61622657 5.098004484 0
6.55417345 5.732121605 0
9.38600449 6.071804165 0
9.82830721 6.330063366 0
10.04753281 6.558044166 0
10.15752193 7.187924486 0
10.17402881 7.758493447 0
10.14092289 8.158681607 0
10.85666817 9.266597128 0
12.69467649 11.40059521 0
14.85762818 11.979000331 0
15.9896589 13.060960012 0
17.2187149 13.669898252 0
17.56521602 14.216121613 0
17.6589901 14.995399694 0
17.53053698 15.234855694 0
16.81623682 16.963715856 0
17.42128642 17.548211216 0
17.06503426 18.849963537 0
17.06361858 19.445689618 0
17.30343426 20.011055378 0
19.63008898 20.390941459 0
19.9422029 20.386691859 0
20.4971405 20.494055699 0
21.0154701 20.765799699 0
21.19898242 21.78687362 0
23.7203405 21.8849293 0
24.46464643 21.36815746 0
26.05676931 20.031522578 0
27.38497795 19.845505298 0
27.56701699 20.324060179 0
27.52763651 20.523909139 0
27.78825859 22.539559701 0
28.89226499 23.256165141 0
29.45935875 23.444783382 0
30.58527619 23.537999382 0
32.57790595 22.639160341 0
33.70322435 23.203880981 0
34.22095491 23.184096021 0
35.42287492 23.660888342 0
37.83486468 25.342232343 0
39.26984068 26.270261784 0
39.45536004 26.606888985 0
39.64686084 28.715604506 0
39.9413082 29.078740507 0
39.51075844 30.488693788 0
38.49112196 30.819985948 0
36.65828484 30.962553629 0
35.15291268 32.60939779 0
35.04582404 33.069639711 0
35.200489 33.466767391 0
34.98433412 33.923299871 0
34.68939395 34.779530272 0
34.71363587 34.949639712 0
34.76570243 35.132727072 0
35.541001 36.824340514 0
36.27458436 37.539509795 0
36.48331652 37.820608035 0
37.30921476 38.769995556 0
37.50447748 39.167567396 0
37.89708804 39.648380197 0
38.3772442 38.028537635 0
38.2363226 37.471847715 0
38.22508804 37.253703714 0
37.41707268 35.521169953 0
37.51027332 35.240779553 0
37.61443076 35.221614113 0
37.82455684 35.292323873 0
38.27642244 35.256613153 0
38.68740612 36.789679394 0
38.73523076 36.848499234 0
38.85915652 36.908139554 0
39.149001 36.817451554 0
40.14012932 36.194323233 0
40.19560836 36.245625633 0
39.95735684 36.590368034 0
39.87262084 36.741560354 0
39.57576452 37.123709474 0
39.70312836 38.192349475 0
40.01256836 38.208348195 0
40.22904836 38.086455075 0
40.74568068 37.468369955 0
41.2940698 36.652883234 0
40.9837722 35.620308513 0
41.12561412 35.657329953 0
41.2403482 35.955165473 0
41.72456836 36.396398114 0
41.93041924 36.345370914 0
42.14924292 36.251381793 0
42.43933444 36.125216033 0
42.73516292 35.897696033 0
43.09562884 35.488349473 0
43.2236506 35.314803233 0
43.81640068 35.410439713 0
44.083369 35.374735393 0
44.34498948 35.714711073 0
44.91217284 35.888110113 0
44.93799044 36.202744353 0
44.41485444 36.273181474 0
43.6009306 36.193455393 0
43.47325188 36.316303394 0
43.22725636 36.681245474 0
43.14195076 36.918635554 0
43.152905 37.560128035 0
43.58850948 37.298617634 0
45.0169114 37.308881954 0
45.41851012 37.201657634 0
47.31303941 36.938069794 0
51.82058629 37.108145954 0
53.60119685 38.714227236 0
53.63481093 39.001049636 0
53.62178053 39.434414116 0
53.65587461 39.650255397 0
54.14950021 40.203139877 0
53.99986437 41.720046119 0
53.99620869 42.652919079 0
53.55278853 43.70782724 0
54.24268805 46.032299563 0
54.33997189 46.284313643 0
54.34618629 46.494791723 0
55.15214469 48.153785645 0
55.35292037 48.485501485 0
55.32751109 48.873099565 0
55.15332229 50.012107566 0
55.03640709 50.477472047 0
55.14447493 51.240171567 0
55.45808901 51.977305648 0
55.61819909 52.493337649 0
56.10441477 53.70836357 0
56.4498343 54.702273331 0
56.39296901 55.485425971 0
56.56305414 55.965856052 0
56.7796903 57.097155893 0
57.26540422 57.727392053 0
57.69066246 57.963564854 0
57.7812647 58.296583734 0
57.84494854 58.822853175 0
58.0986087 59.262543415 0
58.1397607 59.364217655 0
58.16583302 59.493875255 0
58.14467078 59.819337015 0
58.12760838 59.956651576 0
58.43143814 60.764985656 0
59.1927527 62.635805498 0
59.57229062 62.866922298 0
60.19097606 63.189423419 0
60.54942086 63.270542139 0
60.88019462 63.402534459 0
60.77653382 63.977227579 0
60.69847302 64.101857339 0
60.69712262 64.33069958 0
61.33110022 65.639694141 0
60.87729286 66.260381501 0
60.23025414 66.347257662 0
59.74562822 66.901863742 0
57.58935814 69.237382464 0
58.19370886 70.709117506 0
58.24081798 70.978599746 0
58.39580038 71.484473666 0
58.37410438 71.708225347 0
58.48100102 72.244643907 0
59.17255814 72.419622467 0
59.2310119 72.429752387 0
59.67719046 72.780323908 0
59.88362118 72.927658308 0
60.11757702 72.996153668 0
60.9417063 73.272741188 0
61.78326278 73.485761348 0
62.1451943 73.749940548 0
62.22162054 73.798197828 0
62.89327238 74.052014149 0
63.40318086 75.42720135 0
63.3936423 75.54670983 0
63.80351878 75.75237767 0
64.21948678 76.153831751 0
64.23133702 76.967448391 0
63.85180038 78.087370312 0
62.44685318 80.031334474 0
60.80307078 81.129207115 0
57.89821446 83.328241997 0
66.71196038 91.908128085 0
70.36701447 103.629557856 0
67.52108423 107.48038026 0
52.58635653 120.018583152 0
46.80474885 127.578743159 0
40.588745 132.215456123 0
36.65378308 134.733441405 0
31.20414467 136.448960127 0
28.42104451 133.838041724 0
26.42347267 133.366151804 0
17.93736706 127.228148598 0
11.75945857 130.163413881 0
5.71860097 134.664249725 0
3.76390273 134.524481405 0
1.57825536 136.958203007 0
-1.11172352 137.758194048 0
-6.78218368 138.835105409 0
-10.06456705 138.276859009 0
-14.88020737 136.453610367 0
-18.78516354 136.289984127 0
-31.215211547 140.24152973 0
-33.229195549 140.33286157 0
-35.544656671 142.896215173 0
-35.691342111 146.505757576 0
-37.173518112 147.852348297 0
-40.363507235 151.466627981 0
-40.225669155 151.968455821 0
-38.334374433 151.249085581 0
-36.431425311 156.043827345 0
-38.080247073 156.073209745 0
-47.066311721 158.445007507 0
-51.999763246 158.194563987 0
-60.308057654 159.767833749 0
-61.857826615 160.95987727 0
-63.411161657 158.768003988 0
-64.550656058 157.108619666 0
-66.159340859 156.459387025 0
-66.185011259 156.435891345 0
-63.660422457 151.180739981 0
-64.451161658 142.948143493 0
-64.773548858 133.436939644 0
-66.470935099 132.474845563 0
-59.263500853 127.401743478 0
-60.676289334 124.239809395 0
-62.448410936 118.13489163 0
-61.105497654 111.173863783 0
-57.581235251 99.564965212 0
-62.834575416 89.789178963 0
-75.364176708 68.244025663 0
-77.004782149 68.134653503 0
-76.989831749 65.879555901 0
-78.353722951 59.008025655 0
-79.301629511 58.594837814 0
-82.056574794 53.97420165 0
-76.663741509 46.260317483 0
-65.778653499 42.702472999 0
-63.460848697 42.095005479 0
-55.249609009 25.711206424 0
-52.339806766 19.162103058 0
-50.400201004 13.410873612 0
-48.992062763 13.334105612 0
-47.994675242 11.15510017 0
-46.985425961 11.09266945 0
-46.637817641 11.11145729 0
-46.247933481 11.05039105 0
-46.07412868 11.01281153 0
-45.95901572 14.044139533 0
-45.36342916 13.661895692 0
-44.971424039 12.919399692 0
-42.658451237 9.580829449 0
-38.293996833 3.849971203 0
-34.53346563 4.292939524 0
-30.833011226 2.917423362 0
-27.48678402 2.541888002 0
-27.0313293 2.485145602 0
-25.68510722 2.388797442 0
-24.06217474 2.826702082 0
-23.1471693 3.707001603 0
-22.47994754 3.137817603 0
-22.32344322 2.879951362 0
-20.83040898 2.112125442 0
-19.24067202 1.755882241 0
-19.1247821 1.758297601 0
-18.9596237 1.703758081 0
-18.72867713 1.665461761 0
-18.27395329 1.477373441 0
-18.05911809 1.386158081 0
-17.43745537 1.369363201 0
-15.87703553 1.589920001 0
-13.93230081 2.156984322 0
-13.05910401 1.860321281 0
-12.37817473 1.649277441 0
-11.44975105 1.475708161 0
-10.98656001 1.375226881 0
-10.45127297 1.145715201 0
-10.16010113 0.963921921 0
-9.49071105 0.940952321 0
-8.61503873 0.6416896 0
-8.00770817 0.66583552 0
-7.53197312 0.65492608 0
-7.37586944 0.653888 0
-7.01516416 0.68621952 0
-6.77405696 0.78475136 0
-6.20367104 0.984865281 0
-4.18910336 0.456448 0
-3.9293568 0.34389376 0
-3.63155328 0.113728 0
-3.36097536 0.17350528 0
-2.1010368 0.21822208 0
-1.77657856 0.19809024 0
-1.3057472 0.19490816 0
-0.03741184 -0.11336064 0
