------------------------------
757.01088299 269.707806955 0
------------------------------
1.42190081 -0.06273408 0
2.08129025 0.02257024 0
5.36018049 1.862072322 0
6.17470977 2.258311682 0
7.09634561 1.921644802 0
7.40647169 1.496558081 0
7.60999041 1.431015681 0
8.61698817 1.890499842 0
9.40950401 2.342502402 0
9.91557633 2.472565762 0
10.77972225 2.593222402 0
12.93753602 2.478630402 0
13.66118146 2.868405763 0
17.29500674 4.027488004 0
17.55529602 4.067200004 0
17.71597442 4.211566084 0
17.89810946 4.461621764 0
18.3937165 5.802734085 0
19.00774146 6.097984006 0
19.27123586 6.193159686 0
20.10764162 7.051649286 0
20.34620034 7.113703686 0
20.75081218 7.181973767 0
20.93601794 7.318485767 0
21.7380557 7.981821447 0
23.91549059 9.031793928 0
24.06232323 9.185575688 0
24.30767363 9.224030728 0
24.49012739 9.097077768 0
24.90137731 8.532160008 0
25.21843459 8.259925768 0
26.29470723 8.085621767 0
26.60601219 6.774837766 0
26.64864387 6.547261446 0
26.96648579 6.134702086 0
27.31783427 5.572889605 0
27.58333187 4.797692164 0
29.02435843 1.957150722 0
29.86746115 2.007426562 0
31.30218627 1.755324161 0
36.3454426 1.000111361 0
38.82595972 0.25088768 0
39.71570052 0.1946368 0
40.26802692 0.18790784 0
41.9667802 1.317588481 0
43.1578714 1.358576641 0
46.93851397 1.317542401 0
47.52434181 1.368426241 0
49.08620421 1.407418881 0
50.24761861 1.496696321 0
52.14469637 1.720811521 0
53.05214213 2.008682242 0
53.18997637 2.128444162 0
53.65704197 2.726497282 0
54.93941126 3.936486404 0
57.45780614 4.957770244 0
58.02846214 5.243978245 0
59.38375174 7.548303367 0
45.68406533 24.240327702 0
57.19406214 28.691765787 0
58.43169542 29.433671707 0
60.53567238 27.207952665 0
69.32287239 22.385561621 0
91.72404361 22.632864021 0
94.69436553 22.756514581 0
100.6350081 23.498421782 0
101.99640586 24.240327702 0
103.97661834 24.734932503 0
111.15489419 22.01460866 0
112.51629195 21.27270146 0
114.86779659 23.003818261 0
116.22919179 23.498421782 0
125.14015628 17.563170576 0
126.50155404 17.686823696 0
129.3481102 14.719196174 0
130.95703437 18.305077777 0
132.31843213 18.552380177 0
135.41251597 15.337451534 0
137.76402189 15.461104654 0
140.73433997 18.676030737 0
146.42745614 21.8909581 0
147.91261582 22.1382605 0
149.27401358 22.509212181 0
146.05616782 26.466046744 0
143.9521883 34.008760352 0
136.52638605 38.831150116 0
134.91746189 43.777191721 0
133.06101389 47.115770924 0
131.82337805 49.836093486 0
132.68972173 51.690858288 0
126.50155404 63.685009979 0
120.89542028 68.006339903 0
116.97425803 68.687664704 0
108.44999434 74.98989191 0
102.9944641 79.929479754 0
96.00456585 93.555924567 0
91.74243593 89.978982484 0
86.11641992 89.978982484 0
78.785554 90.319641684 0
58.32731526 89.297660243 0
53.21275781 96.62187401 0
50.48499205 101.220797534 0
51.50790405 101.220797534 0
51.84887557 120.297820272 0
52.53081861 124.045091955 0
52.53081861 133.242940284 0
62.93042054 138.012195968 0
64.6352743 137.671536768 0
68.04497799 135.286909566 0
71.04390023 128.77281932 0
71.75328391 128.61517836 0
73.95965575 128.097351799 0
74.00943239 128.198233719 0
74.18244999 127.622034039 0
79.80846344 115.698894188 0
83.21817224 117.91319179 0
89.52612617 114.506580586 0
92.93583369 115.869226348 0
93.27680137 113.825258346 0
97.36844937 114.165920106 0
100.7781569 118.76484363 0
100.60766986 123.874762355 0
105.5517441 128.133026679 0
108.62048011 129.32533772 0
112.03018379 131.028643962 0
117.99717003 137.671536768 0
139.96278157 145.040064135 0
155.23894159 157.869237907 0
159.44541967 160.96593679 0
166.53001616 165.168596634 0
173.17182353 173.131530401 0
172.50764176 184.412356012 0
169.62952592 186.624281774 0
168.5225576 188.172632495 0
167.41558928 189.942172337 0
160.10960015 193.2600629 0
161.65935631 193.2600629 0
151.69664399 198.789879225 0
149.92549518 197.241529784 0
136.19909005 200.780614587 0
131.54982413 205.425657791 0
130.88564621 207.858777793 0
120.9229326 210.734282436 0
115.38809227 211.619054277 0
104.76119818 216.927677642 0
74.43027591 228.650887893 0
77.7511796 228.650887893 0
78.41536008 230.641621975 0
64.4675623 245.903914469 0
56.94018054 247.00987799 0
52.51230853 246.78868631 0
43.2137754 238.383364062 0
43.65656196 236.17143958 0
43.65656196 233.517125337 0
32.14409603 226.438962131 0
28.60179843 223.563458768 0
30.15155203 220.245565645 0
30.59433987 217.812448203 0
31.92270211 214.052171719 0
32.14409603 212.061437637 0
34.80081796 203.434923709 0
33.91524612 202.107769788 0
30.81573379 201.444189627 0
26.60925571 198.126300344 0
27.49483011 186.624281774 0
24.17392643 181.979238569 0
28.15901187 176.007036324 0
29.48737411 170.034834078 0
32.80827651 166.938137755 0
33.02967171 156.320889745 0
35.68639364 152.118228622 0
27.71622403 147.694375817 0
26.60925571 146.809605257 0
25.50228611 144.818872455 0
16.38793474 135.457237886 0
13.83065346 131.369304442 0
13.62061186 130.529895801 0
9.73900801 127.792363639 0
9.05706625 125.748395637 0
9.22755201 120.808812912 0
-9.86680193 112.973606505 0
-14.46990593 111.610962024 0
-18.39106561 103.775756896 0
-15.49281537 100.709806174 0
-18.73203585 92.022947926 0
-21.4590157 86.4687604 0
-23.1646541 83.847082318 0
-25.55144834 77.885511752 0
-39.31527555 74.052331589 0
-39.41667203 72.836675908 0
-40.43063811 68.581888064 0
-42.35717252 67.568843583 0
-43.77672196 66.353191742 0
-48.5423578 68.075366463 0
-52.69961605 67.163626302 0
-54.32195973 67.974062143 0
-52.80100997 65.745363261 0
-68.92305414 63.516666939 0
-75.20963975 64.93492742 0
-79.16410247 65.846667581 0
-93.46101 67.062321982 0
-97.65934985 72.779041348 0
-97.56507145 74.498282309 0
-98.21827593 75.47808775 0
-100.48624649 75.54061447 0
-100.83415561 75.81604231 0
-105.70488969 77.657063752 0
-108.05406474 79.042695753 0
-108.36228618 76.493162311 0
-108.20128266 74.94419207 0
-108.18877194 74.571787589 0
-108.02622986 73.554412868 0
-108.01088138 72.892192068 0
-110.02368266 71.983792707 0
-110.19605386 71.948106307 0
-111.86482442 72.478444867 0
-113.52846986 72.705542468 0
-114.18947594 73.560569668 0
-117.70039819 72.597310787 0
-118.80188427 72.291435587 0
-119.20282251 72.378022467 0
-119.44088203 72.472192067 0
-119.56041611 72.713539908 0
-119.61459851 72.930001988 0
-119.70088203 72.992192068 0
-119.96135435 72.724362308 0
-120.32978571 72.540369987 0
-120.92551563 69.689802305 0
-120.87133451 69.267700544 0
-120.32658187 68.061560383 0
-118.93055371 66.458613822 0
-119.16734219 62.219911738 0
-119.13483403 62.176618298 0
-118.61341963 61.758794297 0
-116.30321162 61.328490297 0
-116.0227137 61.353214777 0
-115.73488138 59.943491896 0
-115.70913418 59.877799736 0
-115.95117194 59.162822455 0
-116.08977802 58.193745974 0
-115.51024778 55.966612532 0
-115.21571082 55.265761331 0
-115.43228042 54.919663411 0
-115.99415818 53.82555653 0
-115.9616001 53.64670597 0
-116.0022977 53.55728261 0
-117.55690251 52.516704049 0
-117.68734603 52.133643568 0
-118.59120011 49.753969966 0
-118.48807819 49.605045806 0
-118.40520203 49.357969966 0
-118.34021387 48.922700845 0
-118.21591179 48.704627245 0
-118.10640779 47.642913324 0
-117.81025035 47.234332204 0
-117.08152587 47.206474284 0
-116.91807371 47.149344044 0
-116.7150657 47.044892204 0
-116.0153473 46.690798123 0
-115.8851521 46.577568043 0
-115.4819777 46.391687723 0
-115.2881985 46.376327723 0
-114.67917578 46.443914283 0
-114.35147786 45.830877483 0
-114.31840394 45.649484842 0
-114.3171777 45.233194282 0
-114.23744778 44.540340521 0
-114.11739658 44.464992041 0
-113.53717386 44.416977961 0
-113.09547402 44.230837801 0
-112.96779402 44.103296041 0
-112.90913162 43.55176836 0
-113.0023041 43.37941636 0
-113.09832074 42.348624679 0
-113.18470026 41.267601958 0
-112.65476234 41.278192678 0
-112.3368001 41.278192678 0
-111.8492545 41.045268518 0
-105.85548425 44.453991721 0
-105.60244489 46.200693803 0
-103.01058185 45.807791402 0
-102.90038025 45.895434283 0
-101.49270665 47.984967725 0
-101.48330761 48.275955245 0
-101.15441801 48.707746605 0
-100.75035145 48.247796525 0
-100.05128201 48.496992045 0
-98.79028617 49.653073966 0
-98.34729353 49.645027886 0
-98.11371785 49.709397806 0
-97.50978185 50.261693487 0
-97.01088393 50.752519727 0
-96.55868425 51.081693487 0
-95.48066185 50.396544047 0
-95.242514 50.782471727 0
-95.11285768 50.835338287 0
-94.62069 50.486417967 0
-94.495122 50.453825327 0
-92.49993224 51.714699568 0
-90.32118408 49.426698286 0
-90.87664008 45.923604523 0
-90.87664008 45.542266922 0
-90.88799752 44.823372842 0
-90.03336584 43.772852521 0
-90.01745544 43.50273668 0
-89.96972552 43.28028804 0
-89.88183944 42.75404164 0
-89.63584392 41.648252199 0
-89.5435956 41.515147559 0
-89.49234568 41.402520358 0
-89.451346 40.870104358 0
-89.49234568 40.603893798 0
-86.77613832 40.972490278 0
-85.73181576 40.825565478 0
-85.50064008 40.545642278 0
-85.02427784 40.034782757 0
-84.92620168 40.034782757 0
-84.46385031 40.034782757 0
-82.71952391 40.825565478 0
-82.20813447 40.811569958 0
-82.04701191 40.720595238 0
-81.78081031 40.496655398 0
-81.64070407 40.370689317 0
-81.55664007 39.831836197 0
-81.84308999 38.257899555 0
-81.90514823 38.071029795 0
-81.96119175 37.854090275 0
-82.79228167 37.634251555 0
-83.61444999 37.028313634 0
-83.21595655 36.452354594 0
-81.84937479 34.377313312 0
-84.44068999 33.299687711 0
-84.84324616 33.216352031 0
-84.96446856 33.034757151 0
-85.16429832 32.67396483 0
-85.63968392 31.727491869 0
-85.55506184 31.054813469 0
-85.04250248 30.975040029 0
-84.7562676 30.735715868 0
-84.37684231 30.057632028 0
-84.26098055 29.788202268 0
-83.62194567 29.409274907 0
-83.33571207 29.329498907 0
-83.22254983 29.189891867 0
-83.04947847 28.963864347 0
-82.29516551 28.407872026 0
-81.94902151 28.261617946 0
-81.46974599 27.616775706 0
-81.35658375 27.463874585 0
-80.83736967 27.158072345 0
-80.54148359 27.228792345 0
-80.13176967 27.610128666 0
-79.93207175 27.749731866 0
-79.75234183 27.922575386 0
-79.60589831 28.161899546 0
-79.37291655 28.560771866 0
-79.23749127 28.722887707 0
-79.02448263 29.061931547 0
-78.62508423 29.899562268 0
-78.54415239 30.242613788 0
-78.32448391 30.947288349 0
-77.84520839 31.386046749 0
-77.40587399 31.565537309 0
-77.15016967 31.656145949 0
-77.07028999 31.729274909 0
-76.98375431 31.90211971 0
-75.79109767 33.295164191 0
-75.85766407 33.733922591 0
-75.09043591 34.633863712 0
-74.79089031 34.593978912 0
-73.83899398 34.321414432 0
-73.16002182 34.820006432 0
-72.88710022 34.986201632 0
-72.6274919 34.986201632 0
-71.7645159 35.167681313 0
-71.55816198 35.353821473 0
-71.1920487 35.413653793 0
-70.95241222 35.214215713 0
-69.73425158 35.048020512 0
-69.17509638 35.566552353 0
-68.8517735 35.820455713 0
-68.43906438 36.013244193 0
-67.00123782 36.139553313 0
-66.72788358 36.021693473 0
-66.72598022 34.741182752 0
-66.78588934 34.036505632 0
-67.00555782 33.035246111 0
-67.21856774 32.37710595 0
-67.25185286 32.15772547 0
-66.97225862 31.176622109 0
-66.71958406 30.103993628 0
-66.13342086 29.896711708 0
-65.82721414 29.777052188 0
-65.66080006 29.677333787 0
-64.19283974 29.702712348 0
-63.84003974 29.536514587 0
-63.53383814 29.396910107 0
-62.77498373 29.117697307 0
-60.35323781 27.975512346 0
-60.16685189 27.676359706 0
-60.06700421 27.543402265 0
-59.64763781 27.124586265 0
-59.14670213 26.596591385 0
-58.02839173 26.104647704 0
-57.88194821 26.051466264 0
-57.69556229 26.024875544 0
-57.45592325 26.024875544 0
-56.70008965 25.704157464 0
-56.43382661 25.491425304 0
-56.02777221 25.391710743 0
-55.88132741 25.305286423 0
-55.52852869 25.112497943 0
-53.72458757 25.145738263 0
-53.52168581 25.157152023 0
-52.22058756 23.860806422 0
-52.1103898 23.842457622 0
-51.78438788 23.911256342 0
-51.79357188 23.585607702 0
-51.64938372 23.313054742 0
-51.36784004 23.011032341 0
-51.12154628 22.991089941 0
-50.5424218 22.791654421 0
-50.45588612 22.751765781 0
-50.38266372 22.765062421 0
-49.74363012 22.778357781 0
-49.4401818 22.546734101 0
-49.34448388 22.516693781 0
-47.62986372 23.323676182 0
-47.27040772 23.197368341 0
-46.34910596 22.543043861 0
-44.92926596 20.930268179 0
-43.05021956 17.500354576 0
-42.79617156 17.304682256 0
-42.62807428 17.121856016 0
-40.84578435 17.125190416 0
-39.24475779 17.437920016 0
-39.01843203 17.411330576 0
-38.90526979 17.404682256 0
-38.42599427 17.577525776 0
-37.56063619 17.816849936 0
-36.88176387 18.498563857 0
-36.75593731 18.491170577 0
-34.31355395 16.639755535 0
-30.29442178 14.100038413 0
-29.05728386 13.292894732 0
-28.3515661 12.717761292 0
-28.14294402 11.909323531 0
-27.26219266 11.24642817 0
-25.09227394 8.990154248 0
-22.48268418 9.206158088 0
-21.7041805 9.072473608 0
-18.32256001 7.967939847 0
-17.62833409 7.911449607 0
-16.75683329 7.617351687 0
-16.39963777 7.498304007 0
-15.83490433 7.505770247 0
-15.50225409 7.520273927 0
-15.13858561 7.479608327 0
-14.33641601 7.093676806 0
-11.94794369 6.704896006 0
-11.84609025 6.360451846 0
-10.83617793 5.608981765 0
-10.44726017 5.440258565 0
-10.16890369 5.512554245 0
-9.91814401 5.597788165 0
-8.86545792 5.665688325 0
-8.19329408 5.349722885 0
-5.45709568 4.882456324 0
-4.75844608 4.669597444 0
-4.19379584 2.568825602 0
-0.36803328 -0.18724224 0
