------------------------------
342.05571717 150.575102844 0
------------------------------
0.76171392 0.49646848 0
0.62967424 1.688710401 0
0.62798208 1.843678722 0
0.69794944 2.159761922 0
0.74107136 2.383988482 0
0.53179776 2.767120642 0
0.0307532800001 3.188145923 0
-0.20691072 3.344704003 0
-0.3970624 3.431896323 0
0.89333376 6.980002566 0
1.50869504 7.199914247 0
1.83895552 8.485318408 0
2.91798784 9.136340488 0
2.9538112 10.72233601 0
2.74869376 11.883020811 0
2.39808 12.225968651 0
1.1025472 13.081006092 0
0.58975104 13.205606412 0
-0.59218176 14.786452494 0
-0.6742464 15.113016334 0
-0.79935616 16.135125775 0
0.90880384 16.673416975 0
1.95169408 16.462574095 0
4.41803904 17.588738576 0
4.62811136 17.131932176 0
4.81182592 17.002502416 0
5.0426816 16.960152336 0
7.357184 16.922947856 0
7.52743936 17.560646416 0
7.94343168 18.415377937 0
10.50561153 19.113550098 0
11.11773953 18.703294737 0
12.24347777 18.788405777 0
12.49073025 20.024320019 0
13.31594113 19.345318418 0
14.36652161 17.505926416 0
14.89369985 17.455220496 0
15.31550209 17.779004176 0
15.00012161 19.992508179 0
15.23255553 20.732756499 0
15.42628993 22.463338261 0
14.24123393 23.403852822 0
14.06648577 23.871338262 0
13.97177345 25.122563863 0
15.02373761 25.470833944 0
15.17498753 25.531498264 0
15.44067329 25.786816024 0
15.58820353 26.176736024 0
16.99269761 26.701510425 0
19.49429506 25.531310104 0
20.2059853 28.119450906 0
20.05399426 28.461194266 0
19.73208962 29.109314587 0
19.42988418 29.673930268 0
20.16335746 29.378904347 0
20.57364226 29.122552347 0
20.94692226 29.010421787 0
21.31397762 29.113262107 0
22.5068301 29.537891867 0
22.80215554 29.486632987 0
23.11638402 29.627523867 0
23.23433602 29.900375068 0
23.4664461 30.243756828 0
23.5839693 30.448320028 0
23.20024194 33.319413791 0
23.68306818 33.750730271 0
24.18796162 34.073262112 0
24.92328194 34.473660192 0
25.54628354 35.094314273 0
26.8076173 33.950918432 0
27.26363138 33.332832031 0
27.57234818 32.998318111 0
28.03440002 32.53700995 0
29.71126531 31.170126109 0
31.04758787 30.297140508 0
32.14583171 30.142886428 0
32.42818947 30.038552348 0
32.56496387 28.727394587 0
32.62708355 27.055714585 0
32.98302595 26.843036185 0
34.35653507 25.131040023 0
35.66816771 24.100184342 0
36.89570563 24.915978263 0
38.23554179 25.896650264 0
40.34009731 25.477936664 0
41.47777412 25.146620183 0
41.88562948 25.456714264 0
42.12291588 25.789264664 0
43.47595524 26.324696344 0
44.25340804 27.158037785 0
43.6983578 27.237393945 0
43.47874692 27.561460506 0
43.2709402 27.937969946 0
43.90148612 29.452386587 0
44.64675972 28.890064667 0
44.83382788 28.715747867 0
44.93458564 28.636966427 0
45.03971332 28.564120346 0
45.14886788 28.497456666 0
45.26168196 28.437190426 0
45.3777818 28.383534106 0
46.37686148 28.208500506 0
48.78379524 28.608096027 0
49.13542148 28.779306267 0
49.3071258 28.790104347 0
49.65599364 28.457520666 0
50.41005188 30.072248348 0
49.82177412 31.482676509 0
49.7945242 32.23098243 0
50.44053764 32.882812191 0
51.25115781 33.699596831 0
51.63922309 34.092224032 0
51.98431749 34.483418912 0
52.43750917 36.262746914 0
52.52001157 36.893218594 0
52.60375173 39.017084196 0
52.50081157 40.165534757 0
52.64197765 40.888308518 0
53.63352325 44.556664361 0
53.68923141 44.981216042 0
53.69737349 45.098316842 0
53.86323973 45.324934442 0
54.83514757 45.325760042 0
57.01651973 44.817841962 0
58.72590341 54.712021811 0
59.98202757 55.179203891 0
63.22048134 56.449168692 0
63.37379718 56.568194613 0
64.32907782 56.772220213 0
64.65543814 56.942581813 0
65.1402855 57.186896693 0
63.99528582 58.740422455 0
62.48025734 59.556184375 0
62.4560231 59.563786295 0
62.36688006 59.591086135 0
62.23602182 59.780536376 0
62.1700135 59.875860536 0
61.57968389 60.728288056 0
60.82678789 61.832218937 0
60.71998213 62.551162938 0
60.77054213 63.606192699 0
60.79202949 63.831178299 0
61.00611333 65.788622141 0
60.89205765 67.067377982 0
60.63078917 66.807434302 0
59.08386949 66.851202622 0
58.79740165 66.860486462 0
58.64488581 66.806108222 0
58.42950405 66.955974462 0
58.04887557 67.767096383 0
57.96267013 68.027838783 0
59.54660357 68.663546944 0
59.06187397 71.052572226 0
58.27789957 71.333180226 0
57.56313349 71.206128706 0
57.04728581 70.562850626 0
56.91076613 70.500188226 0
56.76574213 70.436330305 0
56.13357573 70.718470466 0
55.90455173 71.131011906 0
55.27551749 72.678976068 0
54.45446405 74.296170309 0
54.25542789 74.235444549 0
53.75963141 74.189194309 0
53.41870725 74.195906629 0
53.24742405 74.210826309 0
53.06017541 74.231715909 0
51.96250373 74.96534023 0
51.21201797 75.26135431 0
51.03163396 75.24941831 0
50.86527364 75.24195847 0
49.90680324 75.06589831 0
49.27060996 75.11260039 0
48.64844164 75.45576199 0
48.22336388 75.69463431 0
48.10624388 75.78713991 0
47.90153604 75.948276551 0
47.57657604 76.256526151 0
47.41618436 76.435569991 0
46.69315332 77.289898312 0
46.51038212 77.548910152 0
45.83062148 78.460382793 0
45.73185156 78.566018633 0
45.53490308 78.778330953 0
45.4483674 78.868000073 0
45.58176388 81.243441996 0
45.82797572 84.259540558 0
46.41896964 85.394854479 0
46.7054234 86.10822408 0
46.88172548 86.38593416 0
47.1687642 86.874046801 0
47.32321156 88.159452242 0
48.01093508 89.606590803 0
48.05318916 89.864486484 0
48.0604762 89.956572244 0
49.30537604 91.149596245 0
50.5906394 92.449938006 0
49.71133316 93.060786007 0
49.3728218 93.234048087 0
49.16681988 93.359878487 0
49.07773828 93.403306327 0
49.02985604 93.427802967 0
48.80291972 93.549844567 0
47.86199172 93.709077847 0
47.30433924 94.059394647 0
47.22639108 94.158720088 0
47.1495578 94.717264728 0
46.7767514 95.936796249 0
46.4685274 96.175982169 0
46.41396356 96.212728409 0
46.2536154 96.34300809 0
45.70019588 97.20086793 0
45.85720196 98.401916252 0
45.94962564 98.573397852 0
46.02534404 98.712142172 0
46.24359556 98.970036572 0
47.08742404 100.616938334 0
47.31903748 100.973934174 0
47.48272772 102.361831775 0
47.49497348 102.469844575 0
47.5450842 102.846438496 0
49.30467588 104.439221857 0
49.37148548 104.542776417 0
49.34810116 104.793991777 0
49.28797188 104.997318498 0
49.09087748 105.352088418 0
49.0162714 105.566552418 0
49.31024132 105.943594339 0
49.7701274 106.317070179 0
50.12467588 106.782524259 0
50.18034948 106.818156899 0
50.44202756 106.99186442 0
50.47456772 107.01906442 0
50.70704772 107.21011594 0
50.70727172 107.81587466 0
50.6705242 108.145254501 0
50.76405764 108.706694501 0
50.68611204 109.283943782 0
50.66829572 109.461662822 0
50.60482308 109.881908582 0
50.2596314 110.994986343 0
50.33535108 111.999605864 0
50.2852442 112.167303784 0
50.28015364 113.213606505 0
50.28635524 113.235840105 0
50.5948058 113.496629866 0
50.66940932 113.559207786 0
50.84534788 113.685038186 0
50.88432004 113.712876906 0
51.11726981 114.404820586 0
51.10852357 114.510476907 0
51.10913157 114.513650027 0
51.03457028 114.928615787 0
50.85824772 115.098339947 0
49.44581764 115.160760427 0
48.53472388 115.592344428 0
48.52892804 115.330183787 0
48.6720602 114.856707947 0
48.63450372 114.768789867 0
47.89477764 115.495420267 0
47.5251418 114.868682347 0
47.02673156 114.405024106 0
46.72871428 116.138023788 0
46.32673156 116.374674028 0
47.10400388 117.036628589 0
47.10994564 117.289084269 0
47.07977988 117.652038509 0
44.29812996 119.345301871 0
43.52961412 119.843168111 0
41.9375898 122.708266354 0
40.38078212 123.410659955 0
39.90642819 124.240606836 0
39.91923971 124.509630836 0
39.23964931 125.512412277 0
39.00876419 125.605758837 0
39.00873603 125.605766517 0
38.82198787 125.610808437 0
38.44828419 125.197895796 0
38.20893571 124.592696436 0
38.03491715 124.448734836 0
37.86090371 124.379228276 0
37.02012803 124.213280116 0
36.66560771 124.071331955 0
36.17745923 124.041318515 0
35.80947587 123.936280435 0
35.23778179 120.351971952 0
34.87332995 119.970702192 0
34.72148355 119.779082351 0
34.30197379 119.499836271 0
34.15214979 119.439996271 0
33.65273603 119.439996271 0
33.35308547 119.230563951 0
32.15449219 117.255882349 0
31.65630595 116.047650668 0
31.46353027 115.776338028 0
31.31456771 113.798396266 0
30.12855939 112.119508584 0
30.38267011 111.428103784 0
29.2234957 109.854928742 0
28.67145986 108.235815781 0
25.56377346 107.37433226 0
25.1431757 107.67189642 0
22.97883778 109.177234022 0
21.6486861 109.136437862 0
21.28557186 108.929258341 0
19.3817101 107.57838218 0
18.99028354 107.3768961 0
18.64526209 107.50620682 0
18.13720705 108.068212581 0
16.76803201 109.979256422 0
16.68719361 109.985240422 0
15.93868161 109.959530342 0
13.87959169 109.624500582 0
13.62288769 108.549337701 0
13.92454529 108.02621194 0
12.56743937 109.194867302 0
11.39955201 111.267154024 0
12.11458177 112.604306025 0
12.33128321 113.440896106 0
7.01557376 117.369876589 0
7.0152576 117.369902189 0
6.907296 117.450585709 0
6.80694016 117.526458989 0
6.33895936 117.77855243 0
6.30581632 117.79585803 0
6.11169536 117.89511691 0
5.98712576 117.94506379 0
5.55470336 118.04293771 0
4.92192512 117.73028363 0
3.86331392 117.076961389 0
3.75947008 117.023546989 0
3.46773504 116.871890029 0
3.4597056 116.867406189 0
3.34353408 117.022426989 0
3.29714944 117.254292589 0
3.29241984 117.375978349 0
3.30918272 117.89373579 0
3.31143424 118.32416267 0
3.39707008 118.61036171 0
3.55369216 118.890927471 0
3.6855232 119.103888751 0
3.740736 119.186142831 0
3.81735552 119.368678511 0
3.87594752 119.412622191 0
4.11144448 119.505017711 0
5.17325184 120.011896432 0
5.22461184 120.074386032 0
5.55853696 120.622773872 0
5.67226368 121.187188593 0
5.35710336 122.524999794 0
5.18505984 122.996308594 0
5.09335552 123.232370035 0
5.091616 123.236754035 0
4.51273216 123.728530035 0
4.14379264 123.888939635 0
3.57068416 124.188437876 0
3.52347008 124.211731316 0
3.52788992 124.305086836 0
3.53069568 124.438706036 0
3.53179392 124.490969716 0
3.54745728 125.087536756 0
3.72030592 132.168368763 0
3.80733824 135.943938686 0
3.81462144 136.130863487 0
3.8156864 136.202450047 0
3.82686592 136.451865727 0
3.1964032 136.557461887 0
2.95740416 136.517630847 0
2.68722944 136.148738687 0
2.40146816 135.694983806 0
1.4731776 135.194467966 0
0.41512448 134.892198526 0
-0.23387648 135.629386366 0
-0.23801216 135.877411966 0
-0.52324224 136.573263487 0
-1.2080704 137.586037888 0
-0.89941376 137.794104448 0
-0.63761024 137.575014528 0
0.16985216 136.829557887 0
1.14404352 136.861250687 0
2.21331328 137.643910528 0
2.6666496 137.962211968 0
3.06211328 138.241927809 0
3.75170432 138.642188929 0
3.96189696 138.742115969 0
4.01839232 139.26985997 0
3.98807808 140.724946051 0
4.52133376 141.291271811 0
4.65223552 141.824527492 0
4.68668416 142.476286853 0
4.71699712 143.195559813 0
4.52408832 143.338866053 0
4.38995328 143.440078213 0
3.13709952 144.705038215 0
2.84052992 145.580626055 0
3.16937856 146.411826056 0
3.39533568 146.956546697 0
4.603808 150.75142798 0
4.46657024 151.364149901 0
3.991904 151.255221901 0
3.61413248 151.144679821 0
2.52040832 150.87559182 0
0.53619584 152.352419982 0
0.48448 152.978187662 0
0.55074176 153.657774223 0
0.90511232 154.288678544 0
1.60885504 154.304604304 0
1.92203392 155.312216465 0
0.119232 157.830644627 0
-0.77126016 158.890346388 0
-0.70257408 159.946816149 0
-0.65893632 160.301720469 0
0.52043776 161.29015055 0
1.59072512 162.059754391 0
1.90708608 162.210378391 0
1.63557376 163.080021912 0
1.0735616 163.465794712 0
1.02588544 163.569227672 0
1.10806016 163.679029912 0
1.52951936 163.714919832 0
1.57658624 163.717266072 0
1.69456384 164.057140633 0
1.82466176 164.422709913 0
1.8517312 165.019065754 0
1.74345216 165.234819994 0
2.09617408 167.350830236 0
2.00001408 168.096678556 0
1.97415552 168.358816157 0
2.89323136 170.344768159 0
2.91272704 170.357170079 0
3.09534976 170.386261919 0
2.40404736 167.970133916 0
2.50990336 167.182914716 0
2.604448 167.069784475 0
2.62990336 165.111347354 0
3.53938304 165.470613914 0
3.69857408 165.754570394 0
4.15715456 166.143576475 0
4.871488 166.750274715 0
4.6339136 169.450356638 0
4.55149184 170.220768158 0
4.79738368 170.432864159 0
5.38986368 170.554986399 0
6.0489216 171.015526559 0
6.14395008 171.038154399 0
6.30329344 171.075986079 0
6.06683392 172.04084752 0
5.84469376 172.2547944 0
5.31516416 172.903182241 0
5.28565376 172.941707681 0
5.1167936 173.167947681 0
4.88727552 174.002412962 0
5.84099328 174.956491683 0
5.98250624 175.154997923 0
6.196032 175.454314403 0
6.24979328 175.520108963 0
6.30834944 175.588308643 0
6.38894976 175.679928484 0
6.44406016 175.743306404 0
6.62661504 175.953418404 0
6.77618944 176.125390244 0
6.7898816 176.195904164 0
6.84774784 176.499704484 0
7.14803456 178.928074407 0
7.58727552 180.622636968 0
6.97511936 185.362080173 0
6.75152128 187.445798574 0
7.6521216 188.111815855 0
7.81976576 188.208850095 0
8.04704384 188.340359855 0
8.24427009 188.474741935 0
8.54781185 188.758891696 0
8.55395329 188.844583856 0
8.56226945 188.965209776 0
8.58268161 189.247998896 0
8.60120321 189.366200496 0
8.63286401 189.550667696 0
8.66820609 189.760046257 0
8.80863745 190.437099697 0
9.17161985 191.008460978 0
9.27198209 191.133316018 0
9.58497537 191.646613938 0
9.54471553 191.801333939 0
9.30552961 192.170837939 0
8.88370305 192.447192499 0
8.88499585 192.449732019 0
9.18165761 192.514480819 0
9.29712001 192.712711859 0
9.37355393 192.97202194 0
9.52595713 192.94982034 0
9.80553729 193.21288978 0
9.66983553 193.69560594 0
9.78236801 193.74850578 0
10.30024193 193.999975861 0
10.20296833 194.546052021 0
10.68934017 194.885830581 0
10.59206657 194.776615861 0
10.49479169 194.339755701 0
11.20002817 194.024245941 0
11.60128385 193.963570101 0
11.61344385 193.90289682 0
10.84740993 193.59952018 0
10.53368449 193.0872501 0
11.18947969 192.516857779 0
11.23657985 192.437525939 0
11.16962177 192.305255859 0
11.00744321 192.103573939 0
10.46795137 192.387911859 0
10.15352321 192.454037939 0
9.94687745 192.037263539 0
8.99503617 189.743988657 0
8.78682369 188.942876336 0
9.05742337 189.131772336 0
9.20206337 189.577926576 0
9.80537217 190.039352497 0
10.11821953 190.599922097 0
10.49529601 191.025739698 0
10.66268033 191.065045938 0
11.89634817 191.324313778 0
12.85581953 192.96576146 0
13.49028609 193.84935186 0
13.59461377 193.979623861 0
13.68728449 194.035896501 0
16.17570561 193.70750866 0
16.56528385 193.992996021 0
16.92318337 194.081589941 0
17.45912577 194.522520501 0
18.18438913 195.360377782 0
18.81934849 198.019146424 0
19.6376781 198.337868985 0
19.3070093 199.211932345 0
18.56460161 200.115654586 0
18.40220033 200.428477627 0
18.25139713 200.555928507 0
18.00779649 200.613860027 0
17.85699457 200.660203707 0
16.96629761 201.532405948 0
16.72685185 201.684938428 0
14.28198657 206.180996032 0
13.53577217 205.947886272 0
12.41080577 205.760587712 0
10.46555137 205.034816191 0
9.17652737 204.730457791 0
7.25159168 203.99449619 0
7.12717184 203.98285843 0
5.88746752 204.64348563 0
5.53226752 205.171989951 0
5.344224 205.255435711 0
4.96813184 205.109404351 0
4.08428416 204.934894271 0
3.93488768 205.151019711 0
2.49851776 206.285255872 0
1.68324608 206.710328512 0
1.35123456 207.184135873 0
1.1855296 208.627097794 0
1.1855296 209.338716355 0
1.09428608 209.574894275 0
0.87058944 209.743211715 0
0.0642918400001 210.064893636 0
-0.13422464 209.975421635 0
-0.32168832 209.855572675 0
-1.93613952 209.202113475 0
-4.26417409 209.335819715 0
-5.01780993 209.288096195 0
-5.90961025 208.623406274 0
-6.20955393 208.368724674 0
-6.96691201 207.469842113 0
-7.44993409 207.349469633 0
-12.34314625 207.642387393 0
-13.02127489 207.981045954 0
-13.84931074 208.294995394 0
-14.22104834 208.288164034 0
-14.66346498 208.340600514 0
-16.43571074 208.244893634 0
-17.58414466 207.854119873 0
-19.02387202 208.445884354 0
-19.42129794 208.355996354 0
-20.4159501 208.702421954 0
-20.4384461 208.904669634 0
-21.55573634 209.841006275 0
-22.1181325 210.140633796 0
-23.19043074 210.327901636 0
-23.8653005 209.848498115 0
-24.98571651 209.484893635 0
-26.83341443 209.285656515 0
-29.32735619 208.569860034 0
-28.71100419 207.338457793 0
-28.41910403 204.61848979 0
-27.01395075 201.139445947 0
-26.70036867 200.782987707 0
-26.73280643 199.367956666 0
-27.01456259 198.035940024 0
-27.26326403 197.927922104 0
-27.85798787 197.560661944 0
-28.61491075 196.858548663 0
-29.68571651 194.534894261 0
-29.37210371 193.1022837 0
-29.28559875 192.756628659 0
-29.19351683 192.284295859 0
-29.35043587 190.720068018 0
-29.63168643 189.317589936 0
-30.81032067 186.897995694 0
-30.95720579 186.657906094 0
-32.04933251 187.187193774 0
-33.33610243 186.960356014 0
-34.15790211 186.603897774 0
-36.05020676 186.269042093 0
-36.44561412 186.104142253 0
-36.57537284 185.866502573 0
-36.70513028 185.542450093 0
-38.295401 183.658492331 0
-38.39271812 183.14000657 0
-38.97662852 182.72954001 0
-39.35508996 182.75114385 0
-39.85381636 182.42599697 0
-39.93084036 182.35798033 0
-39.98490628 182.30396945 0
-40.81836292 180.851058088 0
-40.62571652 180.164893608 0
-40.94812036 179.803288487 0
-41.13194628 179.684468647 0
-41.5559706 177.906278566 0
-41.9452442 176.955722405 0
-42.28045188 177.106948005 0
-42.49571588 177.234894245 0
-42.8545306 177.266314405 0
-43.71571588 176.804893605 0
-43.82673668 176.221202084 0
-44.10809604 174.616815523 0
-44.18378884 174.184746402 0
-44.06571652 171.5648936 0
-45.50651652 169.946595998 0
-45.62347653 168.578630557 0
-47.20381061 168.073283996 0
-47.62100229 167.837506716 0
-47.95850245 167.456857756 0
-48.82947845 165.847256474 0
-49.45004677 164.357286553 0
-50.27386245 163.755950232 0
-50.41140485 163.305376152 0
-50.40444421 162.881648792 0
-50.43100805 162.287221911 0
-51.16571653 160.244893589 0
-51.84371845 160.153180309 0
-52.28303877 160.368303509 0
-53.45455621 160.72971407 0
-54.13941637 160.78289679 0
-55.51080965 159.662453909 0
-55.65773445 159.480700308 0
-56.23439365 159.214994068 0
-56.99243398 159.576404629 0
-57.32571654 159.714894229 0
-58.3116583 159.282371988 0
-58.68079622 159.705479829 0
-58.99951878 159.946419349 0
-59.3642023 159.925386389 0
-59.82936454 158.669054868 0
-59.94134662 158.006467987 0
-59.94242438 157.483504787 0
-60.01912582 157.173429906 0
-60.14296198 156.967250066 0
-60.26680198 156.784632466 0
-60.37884678 156.596126866 0
-60.53806854 156.060057745 0
-60.63262214 155.631662225 0
-60.59134214 155.437262225 0
-60.51468038 155.213410704 0
-60.44981254 154.965994384 0
-60.56185606 154.376907664 0
-61.2577127 154.047019663 0
-61.67050886 153.622876303 0
-62.07358086 153.019690382 0
-63.52313862 150.28925198 0
-66.05321222 148.475270538 0
-66.23241606 148.240494218 0
-66.64382598 148.308742538 0
-66.89030406 148.369186698 0
-68.64403847 148.551384458 0
-68.96012423 148.493150858 0
-69.56340871 148.352998538 0
-70.62967815 147.666260617 0
-73.00071431 147.689894537 0
-73.25326215 147.610201737 0
-77.34089479 147.335220617 0
-79.26298632 148.148092298 0
-79.81761416 147.903608458 0
-80.2806004 147.286946697 0
-81.65552648 146.740358537 0
-81.93612424 146.179754376 0
-82.15511432 145.694096776 0
-84.3086004 143.470240134 0
-84.65934856 143.512284294 0
-84.99606408 143.428194693 0
-85.69755784 143.484256134 0
-85.97815432 143.568344454 0
-86.63755784 143.217970053 0
-86.86173704 143.111004293 0
-86.87576584 141.779573892 0
-85.90770568 140.13981197 0
-84.60808584 139.26486413 0
-84.37970056 138.939256449 0
-84.19047048 138.607132289 0
-84.89808392 137.356718208 0
-84.95420424 137.006339967 0
-85.20674056 136.571874687 0
-85.51687816 134.756564605 0
-85.57299976 133.901646205 0
-82.4107188 128.295125879 0
-81.1977268 114.746087787 0
-84.46316424 109.920309862 0
-83.27896584 103.379312736 0
-82.397778 100.962510174 0
-79.50217608 99.462599773 0
-78.18606472 92.910162006 0
-76.90906375 89.763146323 0
-77.28111367 85.64181256 0
-73.31796999 81.995861836 0
-71.87656455 79.377329994 0
-73.20342023 78.791402313 0
-75.10565767 77.282748232 0
-75.81052423 76.062232391 0
-78.26198024 74.017112389 0
-75.46772871 70.786947906 0
-74.50221447 68.824352064 0
-74.09392647 67.432784703 0
-70.93464199 60.708526136 0
-66.6054247 58.001676854 0
-63.8080039 54.22299781 0
-52.80017029 43.4794906 0
-42.41192964 38.454684196 0
-42.32856836 33.666250271 0
-41.5557082 30.100412188 0
-46.36336005 24.334261783 0
-50.73787269 18.910730257 0
-57.26949638 16.695484175 0
-56.73111814 12.884874252 0
-50.24872965 10.068026889 0
-48.29709829 7.408290567 0
-47.75639429 7.870677767 0
-46.85407877 8.048060167 0
-45.98188037 7.805934087 0
-44.70392452 7.464372487 0
-44.41701892 7.461648647 0
-37.96506884 10.201148169 0
-37.59121668 10.280309769 0
-37.13388804 10.36578689 0
-33.73938051 11.35310977 0
-33.02579203 11.851406091 0
-32.13561091 12.176986891 0
-31.51263619 11.469602571 0
-30.67117443 11.15671809 0
-30.50036995 11.28118401 0
-28.17418883 10.63943681 0
-26.88174595 10.297594889 0
-26.10713475 9.615310089 0
-25.69462403 9.400298249 0
-25.29625219 9.319754249 0
-24.79502467 9.095896328 0
-24.56258819 8.677525768 0
-24.55423875 8.609052168 0
-23.57492482 7.497832967 0
-23.44556802 7.014428166 0
-23.4791501 6.843708166 0
-23.17869826 5.763188485 0
-21.8902541 5.787156485 0
-21.37120258 6.247032326 0
-21.11569026 6.497236486 0
-18.95400578 7.700244487 0
-17.28892802 6.159522566 0
-16.70608642 5.649734405 0
-16.71849602 5.857905925 0
-16.4187021 5.763207685 0
-15.65979778 6.053826566 0
-15.54096002 6.068272646 0
-15.4710605 5.233368325 0
-14.06442498 5.099004165 0
-13.92710658 5.738764805 0
-13.76953986 6.147600646 0
-13.64983682 6.545724166 0
-13.57386626 6.775504646 0
-11.62457217 7.952536327 0
-10.69851777 7.775548167 0
-10.39546625 7.846051847 0
-10.20892033 7.919928327 0
-7.43405185 5.376614405 0
-6.09114625 4.819540484 0
-4.73411841 4.359220484 0
-2.87166849 2.829013763 0
-3.57294209 1.667747841 0
-3.33534593 1.241834241 0
-2.83081601 0.946872321 0
-1.51070208 -0.07296128 0
