------------------------------
525.35454742 107.047837523 0
------------------------------
0.41000576 0.03086336 0
0.85228544 -0.00153855999997 0
2.36649984 2.633859843 0
2.3487936 2.906841603 0
2.29366528 3.670147844 0
2.39207936 4.196796164 0
2.60508288 5.138906885 0
3.273984 5.603623686 0
3.80862976 6.133181446 0
4.363392 6.667933447 0
5.89364352 9.646933769 0
5.67452672 10.952829451 0
5.61261568 11.367130891 0
6.35788416 12.823619852 0
6.46427904 13.039276812 0
6.31453184 13.675520013 0
6.557568 14.375075854 0
7.27360768 16.256203535 0
7.52077697 17.051891216 0
7.22583296 18.643023378 0
7.09255936 19.137760018 0
7.11959936 20.278415379 0
7.16202496 21.12582274 0
7.26305024 21.37685122 0
8.11157377 22.846675222 0
8.67013761 22.979377942 0
9.19209729 22.982874902 0
9.99378177 23.005949462 0
11.96653185 21.58788994 0
12.45207937 21.975507221 0
12.58620929 22.191349781 0
13.83344385 24.432583703 0
15.88940545 24.883823384 0
18.30442498 25.231265304 0
19.04940162 25.650974744 0
19.09669378 26.784161305 0
19.3380557 27.127166746 0
19.6368589 27.722359066 0
19.81473538 28.470557467 0
20.1839181 29.229082908 0
20.19558914 29.431948828 0
20.1113421 30.240764189 0
20.4865997 30.768538909 0
21.02877314 31.136727069 0
21.6263821 31.49482755 0
21.8617997 31.77143555 0
22.07995778 31.96689155 0
23.05442562 32.502839071 0
23.27379202 33.540156192 0
23.80434178 34.248113952 0
24.06086146 35.419859233 0
24.31854978 35.780165154 0
24.77656962 35.828779554 0
25.89553538 36.149327394 0
26.20749954 36.202865954 0
27.78978562 34.300029472 0
28.04670978 34.274915872 0
28.86468354 34.265575712 0
29.33404419 34.510129952 0
29.52498563 34.796419873 0
29.79404547 35.062263073 0
30.03492355 35.123173153 0
30.52766723 35.070411553 0
33.27265155 35.195393313 0
33.75434499 35.368584993 0
34.14688771 35.117683233 0
34.29379971 35.016296993 0
34.74991491 35.268165153 0
35.08945155 35.613832994 0
36.16451203 34.622351393 0
36.75893379 34.414844192 0
38.13047171 33.190119711 0
38.95902979 31.34530307 0
39.41267587 30.977678109 0
39.62536964 30.850972189 0
40.59577732 30.727667229 0
42.31717764 28.584275227 0
42.59886596 28.264691227 0
42.98810372 28.077281306 0
43.3559322 27.964666906 0
43.17577732 27.308115226 0
42.98089732 26.871531545 0
42.49757316 25.839475224 0
42.29989124 25.251233304 0
43.53516932 23.894184983 0
43.96917764 24.135214103 0
44.24211204 24.518408983 0
44.38334724 24.560857623 0
44.58499972 24.552512023 0
45.76912516 24.191613463 0
46.09648516 23.998265623 0
49.5236954 21.995919381 0
49.87824132 21.50670338 0
50.28871684 21.27511938 0
50.28893572 19.993516819 0
50.16320772 18.762931218 0
50.37981189 18.658472978 0
50.80311557 18.550707218 0
52.19376773 18.090443537 0
53.93412101 17.249696016 0
54.70366597 16.233120015 0
55.02532357 15.675783695 0
55.89782917 14.443965454 0
56.09399813 14.190439694 0
57.36109573 13.707898893 0
57.53459077 13.467100173 0
57.60165125 12.905671692 0
57.70177797 12.510944012 0
57.65744389 11.687034891 0
57.53860101 11.485267211 0
57.64498181 10.36503169 0
57.92640517 9.85840385 0
58.19548165 9.498435849 0
58.75558149 8.363847688 0
59.26082181 7.563148807 0
59.47935365 7.127539207 0
59.68539141 6.757693447 0
59.47293957 6.364157446 0
60.86638341 6.055552006 0
61.4800359 6.664971527 0
61.57870982 6.869356807 0
61.5841511 7.091783687 0
61.64120198 7.976307208 0
61.71939334 8.003818248 0
63.05484166 7.682796808 0
63.47366534 7.891029768 0
63.91656966 7.467205127 0
64.85403782 7.319584007 0
64.96772358 7.460707847 0
65.28142342 8.086428168 0
65.71244166 8.062053128 0
66.48443142 7.010085127 0
66.53960582 6.848093447 0
66.5544359 6.683733767 0
66.59968774 6.617838087 0
66.65266438 6.637854727 0
66.88820742 7.261347847 0
67.41318534 7.620837127 0
68.36188934 8.115243528 0
70.02065286 10.970490891 0
70.52905734 11.926613771 0
69.69236486 12.046059532 0
69.38742278 12.085127692 0
69.61977094 12.331973132 0
73.56224903 13.704869133 0
79.00638599 13.269749773 0
79.24174471 13.784544013 0
80.10204551 14.180684814 0
80.74541575 14.494240014 0
80.93444359 14.478355214 0
81.06293767 14.439955214 0
81.27609735 13.822365453 0
81.39152007 13.528693773 0
82.68622472 12.980327692 0
83.14190344 12.649981452 0
83.44662792 12.489580812 0
83.65575176 12.433175052 0
84.24607624 12.686265612 0
84.43528968 12.776549132 0
88.20297736 13.674871053 0
88.45388936 15.832691215 0
89.7242868 15.787453455 0
90.27608584 15.641285135 0
90.79031304 15.636810255 0
92.5567156 13.855607053 0
92.70675336 13.180101133 0
92.69777416 12.391453452 0
93.92263177 11.254368011 0
94.31164169 9.224335369 0
94.71540361 8.967795209 0
94.91669897 9.018862089 0
96.45464585 9.378291209 0
96.60738569 9.86457217 0
96.77058953 10.10556161 0
97.62665737 10.29039105 0
99.16089737 10.71797761 0
99.69026569 11.233783051 0
100.09822217 11.318323211 0
101.69799561 10.44346881 0
102.48908169 10.58690305 0
102.64858377 10.86214785 0
102.76635913 11.066030091 0
102.87856905 11.153626891 0
105.08960778 9.86121217 0
109.26857994 7.012491527 0
109.62847114 6.808328967 0
112.11018378 6.229859846 0
112.32887818 6.152366086 0
112.6651777 6.142337286 0
112.86101514 6.362565126 0
113.84417162 6.506397446 0
116.50177163 6.132695046 0
116.66014603 5.306579205 0
117.11437963 5.783356166 0
118.66128395 6.792113927 0
119.13981579 7.324823047 0
120.54441739 7.649391367 0
124.31034891 7.196615687 0
124.55124363 7.296275207 0
125.03611403 8.046325768 0
125.72642572 8.900551689 0
125.8976398 9.229024009 0
127.30065548 9.791008009 0
127.45622156 9.710023689 0
129.46361996 9.813913609 0
129.65375756 12.549971212 0
129.01874572 13.025273612 0
128.32830476 13.199137293 0
127.40757772 14.119715853 0
127.6615438 15.798337295 0
127.3929294 16.860225296 0
127.47019148 17.068536336 0
127.40992908 17.774899217 0
126.8815694 17.638005777 0
126.48256396 18.349313297 0
127.95464972 20.175351059 0
128.26408588 22.589902101 0
127.74350732 23.754027542 0
128.06399756 25.239169304 0
127.3605838 26.453551385 0
126.95805708 27.076389146 0
127.37879564 27.881031706 0
126.73549196 28.689642267 0
125.5894414 29.195041308 0
122.69254155 30.077852188 0
121.54893707 30.822429469 0
120.24315915 31.54424323 0
120.43253771 31.84757123 0
120.96545163 32.608773151 0
120.69507979 32.777579551 0
120.43745547 32.794304031 0
120.08358539 32.959363871 0
119.71572235 33.357547551 0
119.47227787 33.629729312 0
118.73031819 34.033815072 0
118.84159755 34.991514913 0
119.65639563 35.353345313 0
119.76822155 35.868021794 0
119.95733387 36.791595555 0
120.08463371 38.121184036 0
119.98803083 38.406245156 0
120.03000331 38.661269796 0
120.18178699 38.985448997 0
120.34982539 39.218233637 0
120.00753931 40.431183398 0
120.90331787 40.161373478 0
121.92659979 41.233829159 0
122.08006795 41.345324839 0
123.36049035 40.778330918 0
123.69373963 40.747769638 0
123.96783755 41.928211239 0
125.7409038 40.859809318 0
126.67829388 40.822255398 0
127.00709388 40.829731878 0
127.58890124 41.167388199 0
128.26350988 41.298529319 0
128.43928076 41.381831719 0
129.05189132 41.430403879 0
129.38181772 41.349256999 0
129.90050444 41.214504999 0
130.43692556 41.400985639 0
130.97525772 42.18488324 0
131.4438094 42.87367684 0
132.1170894 44.513635882 0
132.64459404 45.571109163 0
132.62671116 46.037203243 0
132.46327564 48.642209326 0
132.60275212 49.305820206 0
132.36168204 52.77806725 0
130.2308942 53.16213765 0
129.22642188 54.369274931 0
128.98635404 53.64036613 0
128.32470412 52.617671729 0
128.20890124 52.672396849 0
128.08091148 52.745363249 0
127.71947404 52.712857649 0
127.61235724 52.584622129 0
127.49095948 52.477758769 0
127.37670156 52.399392049 0
126.88645132 51.779162929 0
126.480347 51.869683249 0
126.10968844 52.125687089 0
125.69150604 52.514437169 0
125.35200779 52.95087365 0
125.32042379 53.32762629 0
125.24129547 53.60846981 0
124.62534923 54.700551731 0
124.08775947 57.166305334 0
124.01742347 58.438877495 0
123.89435147 59.158042935 0
123.08387339 60.726032697 0
121.96690571 62.213921338 0
121.94053131 62.336791098 0
121.28992395 62.705397819 0
121.33271947 62.269651258 0
120.78909963 62.415673658 0
120.69156747 62.461167419 0
120.31579403 62.745337659 0
120.28163339 62.984042299 0
120.23871371 64.02549894 0
120.32547979 64.597131581 0
120.40807563 65.189481021 0
120.68062475 66.005681982 0
120.67983371 66.014685502 0
120.64471947 66.257827902 0
120.54060171 66.803475263 0
120.12412939 66.734187582 0
118.99847947 66.792016703 0
117.67050763 67.455068223 0
117.23799307 66.988783423 0
116.80548235 67.161481023 0
115.28137355 71.196413507 0
114.69974794 72.574729028 0
114.36364938 72.907023428 0
113.93840778 73.358919749 0
112.94414346 75.15037575 0
112.94414346 75.27563143 0
113.36240778 76.305520711 0
113.41120778 76.361191751 0
113.7946689 76.280094791 0
113.83820298 76.258691911 0
113.91784714 76.229667911 0
113.96951178 76.220990791 0
114.62290186 76.241601351 0
115.47452683 76.598933832 0
115.66843531 76.769391432 0
116.06201099 77.745231433 0
116.06708747 78.308885833 0
116.06570379 78.569031754 0
115.99590411 79.573401674 0
115.74247179 79.961317195 0
115.47103499 80.401500235 0
115.38957323 80.649881675 0
115.04032907 82.342329677 0
114.61478666 82.653886797 0
114.3805121 82.961739598 0
114.36349706 83.120577358 0
114.51284106 83.711105358 0
114.53509386 83.968915279 0
114.53169546 84.143685199 0
114.50853514 84.577349199 0
114.4950017 84.842087759 0
114.47947402 85.61005064 0
114.5017729 85.95938184 0
114.49477898 86.258266961 0
114.29742218 86.889481041 0
114.1894977 87.151987282 0
113.96542346 87.691182162 0
113.94571786 87.743820882 0
113.80663178 88.182499922 0
113.79544202 88.393031763 0
113.85573386 88.572381523 0
114.00701322 88.714731603 0
115.63556363 89.069959763 0
115.78907147 89.122151763 0
115.89439371 89.157959763 0
116.41319563 89.926191444 0
116.58215307 90.411541845 0
116.90578187 90.689803605 0
117.69786379 92.326791766 0
117.78392587 92.836334167 0
117.80421771 92.952161367 0
117.97654411 93.789740888 0
118.09144587 94.112080728 0
118.11122955 94.167591768 0
118.45844747 94.741486169 0
118.89517323 95.224610649 0
119.41122571 95.79539721 0
119.55050379 95.98825737 0
119.63221771 96.13431817 0
119.63888395 96.19478153 0
119.64892427 96.28582153 0
119.55556363 96.38343561 0
119.33253771 96.44866313 0
119.13221771 96.48191753 0
118.99664779 96.50316553 0
118.86318987 96.52408201 0
118.59657355 96.58906121 0
118.35494795 96.69100297 0
118.21443979 96.77010953 0
117.37913355 97.166081371 0
117.37518603 97.166744411 0
117.05533323 97.220409691 0
116.70517771 97.271375451 0
115.74966283 97.854162011 0
115.63270795 98.116915292 0
115.46793995 98.610501212 0
115.39286539 98.906547292 0
115.30891403 99.436215133 0
115.08893323 101.865015135 0
115.09749387 102.051051615 0
115.30854283 103.078333536 0
115.51669131 104.265612897 0
115.62684299 104.586831458 0
115.69404555 104.631646818 0
115.94003595 104.703031138 0
116.32709131 105.478103139 0
116.44796299 105.947872099 0
116.64615947 106.283559779 0
116.76835723 106.46446474 0
116.83917579 106.61840394 0
116.82510347 106.8747777 0
116.81036299 106.92245386 0
116.42658571 107.572517221 0
116.33635979 108.200709221 0
116.45763979 109.225344102 0
116.39635339 109.754761063 0
116.27385739 110.259017063 0
116.17554955 110.479123303 0
116.04259723 110.665554023 0
115.89128971 110.789601384 0
114.27636746 111.876325225 0
114.15355402 112.067961705 0
113.98878346 112.240053865 0
113.4197057 112.630151785 0
113.11452938 112.860235625 0
113.07510538 112.889327465 0
112.87860362 113.008655466 0
112.8437697 113.027774826 0
112.13293962 113.321711466 0
110.53495946 113.956729706 0
109.65683594 114.538023787 0
109.60129162 114.782643307 0
110.20212362 117.44135563 0
108.34257546 117.49605771 0
107.8615297 117.48999307 0
107.49946378 117.46310155 0
107.27248138 117.41279115 0
105.27069962 117.24109579 0
104.56165386 117.67106187 0
104.31566602 117.79952011 0
104.31190154 117.80148619 0
103.16817289 119.809571952 0
102.95029769 120.322387312 0
102.90028553 120.726361713 0
102.83339913 121.601675634 0
102.72923529 121.992851314 0
102.52318345 122.288661874 0
102.51455369 122.292911474 0
100.02508169 122.367634034 0
98.41554953 122.338089074 0
97.80660361 122.509950834 0
97.73225737 122.839694195 0
97.74137993 122.870019955 0
97.82418185 123.198231155 0
97.33468169 123.478647155 0
96.63801353 123.492395635 0
95.75658761 123.454115955 0
95.21520137 123.538767475 0
95.07662985 123.848515956 0
94.97381513 124.231425396 0
95.20922761 124.474859636 0
95.25020297 124.554343796 0
95.42307337 124.924815477 0
95.51154185 125.114409077 0
95.69256073 125.406259317 0
95.70629385 125.426604917 0
96.77197321 126.077889398 0
96.97209993 126.147011958 0
97.10574345 126.211817078 0
97.11503113 126.344503158 0
97.05076361 126.450960758 0
96.83707401 126.804940918 0
96.50470537 127.296549239 0
96.20016777 127.99749132 0
96.12749193 128.15976076 0
95.83717385 128.81647756 0
95.72821001 129.098693241 0
95.58513929 129.516665721 0
95.30435721 130.372976762 0
94.50202377 131.199751803 0
94.03303177 131.499027323 0
93.51646729 131.668626043 0
92.64279944 131.676485243 0
92.28831752 131.729231483 0
92.3375284 132.410505084 0
92.53954184 132.952161404 0
93.14888968 135.251273086 0
91.71613576 135.672491647 0
91.50098568 135.713067647 0
91.08976776 136.004903807 0
90.77957768 135.888112767 0
90.44309128 135.768633727 0
89.99002504 135.978165887 0
89.84046984 136.126595967 0
89.3357172 137.454869888 0
89.40111496 137.924789889 0
89.13510408 138.257449089 0
89.159218 138.332171649 0
89.2310196 138.554659969 0
89.26327304 139.30904973 0
89.08249352 139.71350797 0
89.04750984 139.72741517 0
88.33431944 139.51197581 0
87.94269576 139.38918029 0
87.84252552 139.38096141 0
84.36509576 140.705534851 0
84.02584328 140.872143492 0
83.82318984 141.098142852 0
83.8204788 141.107186052 0
83.7053876 141.284107652 0
83.65189384 141.323671172 0
82.98999304 141.140801412 0
82.77033992 141.174031492 0
82.26629383 141.325372292 0
81.85373703 141.730021252 0
81.21885575 142.620441733 0
81.08030727 143.550974854 0
81.12315143 144.638689415 0
81.14304007 144.797420935 0
81.21161351 145.182589576 0
81.28607751 145.600819336 0
81.08767751 146.771701897 0
81.09000967 147.005386377 0
80.79341319 147.589497738 0
80.65656967 147.805358218 0
80.59302919 148.122839178 0
80.21080327 148.221788298 0
78.78568199 148.592204939 0
78.08893959 148.393991819 0
75.69709191 147.101985417 0
76.07795079 145.991323016 0
73.87252359 145.371303816 0
73.03159815 145.482487176 0
73.16153735 146.974625417 0
73.12101383 147.156565897 0
72.78666759 147.641737098 0
70.61456774 148.424204939 0
69.90535558 147.827849098 0
69.01125126 146.872975497 0
69.0821735 146.620283017 0
69.47752966 145.412961416 0
69.25463174 145.503931016 0
68.84752902 146.164903816 0
68.05726342 147.246429577 0
67.91542022 147.246429577 0
67.55068166 147.104921737 0
66.66615558 147.476162698 0
66.39260166 148.254459018 0
66.08865158 148.951891339 0
65.70364934 149.042860939 0
65.04509574 149.305662859 0
64.69048966 149.59878542 0
64.95229318 150.35334542 0
65.79532934 150.699791501 0
66.4741479 150.11354382 0
66.08914566 151.083884941 0
65.96565894 151.524658061 0
65.18552582 151.736917902 0
64.98289286 151.787457422 0
64.90183942 152.009826702 0
65.05381382 152.585967502 0
65.26657798 152.636505743 0
65.96565894 152.929629583 0
66.9926311 152.474005902 0
67.85388934 151.962236302 0
67.86402182 152.305897102 0
67.64112518 152.952791183 0
67.23586182 153.043762063 0
66.33414534 153.650223503 0
66.3332455 154.272197264 0
66.39403398 154.423813264 0
66.43456134 154.534999184 0
66.40416518 154.646183824 0
66.34337542 154.646183824 0
66.24205958 154.575429264 0
66.15087366 154.474354064 0
66.0698215 154.383383184 0
65.59775494 154.082606224 0
64.92907014 154.284761744 0
64.65551494 154.416161424 0
62.6899815 155.184349585 0
62.27458566 155.275319185 0
62.3759015 155.154025105 0
62.45695366 155.113595025 0
62.81156102 154.911442065 0
64.67841926 153.782935184 0
64.91144582 153.580779663 0
64.39483526 152.909088143 0
63.44246406 152.535101582 0
63.2296999 152.626071182 0
62.96860934 152.729643663 0
62.96205318 152.728675983 0
62.7588455 152.800911503 0
62.41629574 152.748782223 0
62.27695366 152.725612943 0
61.7718375 152.789327503 0
61.55121158 152.945717903 0
61.55121158 152.980471183 0
61.52218374 153.183198863 0
61.23188742 152.835664783 0
61.15060358 152.806703503 0
61.09834886 152.800911503 0
60.84288773 152.858834063 0
60.74418693 152.922549903 0
60.47711621 153.275874703 0
60.44583557 153.093522063 0
60.47623173 152.911582863 0
60.42557317 152.517381262 0
60.17892357 152.077959822 0
60.08773893 151.936453262 0
58.54773381 150.966110861 0
57.65557125 152.295872142 0
57.50359941 152.467703182 0
57.17938565 152.467703182 0
56.73359365 152.700179343 0
56.68293509 153.114594703 0
56.70320005 153.377397903 0
57.49266565 155.323973265 0
57.50279813 155.384620945 0
57.48253573 155.414942865 0
57.43187589 155.364405905 0
57.38121733 155.293651345 0
55.85033989 153.985171344 0
55.58691717 154.268187024 0
55.35167749 154.393899664 0
55.15917573 154.585947024 0
54.97680773 154.808315025 0
53.83940741 155.815855505 0
53.12006405 155.795639185 0
52.45137541 155.654131345 0
52.57212165 155.446206865 0
52.92672773 155.213729425 0
54.44647173 154.101879184 0
54.18153349 153.788171664 0
53.52297989 154.020647824 0
52.64152709 154.182373264 0
52.11468293 154.354205584 0
50.75704581 154.435068304 0
49.77095684 154.547109264 0
49.07187588 155.163681425 0
47.5449818 155.684371345 0
45.74155524 157.069131667 0
45.7099674 157.208347027 0
45.04128004 157.915888787 0
45.02101764 158.037181588 0
44.82851588 158.744723348 0
44.67635332 158.930917268 0
44.61556612 159.092641429 0
44.60543364 159.173502869 0
45.03067396 160.18001935 0
44.26066948 161.04928399 0
44.07830148 161.08971535 0
43.86553732 161.19079183 0
43.43609476 161.977744791 0
43.82269188 162.896384152 0
41.73985156 164.801161114 0
40.34057732 165.860444315 0
39.853065 166.813031836 0
39.52975363 167.462160796 0
39.32316163 167.723280797 0
40.0504538 170.327760799 0
39.66855172 170.92496144 0
40.04345348 174.399172003 0
40.37855364 174.910062243 0
41.66515332 177.439060646 0
41.08549124 177.896815526 0
40.16231556 178.341950886 0
39.33464195 178.742572967 0
38.86987011 179.111399847 0
35.25433603 181.81629329 0
32.95195395 183.027161771 0
31.77462531 185.481111213 0
31.10583171 187.494885295 0
30.97136771 187.931485615 0
30.95863555 188.815397296 0
30.93435395 189.192261297 0
30.72867203 189.804875697 0
30.28300163 190.676069298 0
29.60104707 192.265085619 0
29.97050883 193.936363701 0
30.24434307 197.291419064 0
30.03421827 198.148359865 0
29.95144707 198.657085625 0
30.07865731 199.176556986 0
31.98496003 200.826767547 0
33.99900931 202.598805949 0
35.57159171 203.85790099 0
36.77942915 204.816055231 0
37.56234371 205.991293632 0
36.42924291 210.264357316 0
36.11492739 210.446766276 0
36.01942531 210.605743556 0
36.27409539 211.209854917 0
36.43326339 211.540527557 0
36.33776387 212.157356998 0
36.11492739 212.220949958 0
35.49207427 212.456217798 0
34.86034307 212.903280839 0
34.50730115 213.746795719 0
33.28545411 214.67216148 0
33.03557763 214.4614658 0
32.57177603 214.31627156 0
31.54726403 215.623027401 0
30.89545347 215.992161482 0
29.34776579 215.546735561 0
28.94626691 215.366969801 0
28.51708034 215.242517961 0
27.97145346 215.146859721 0
26.18564482 214.7568322 0
24.77310594 214.4743682 0
23.14683522 214.2723394 0
20.1016973 214.21418004 0
19.3816077 214.56166932 0
17.50176129 215.616082121 0
16.94348929 216.189845962 0
15.98535425 216.605761482 0
15.54905601 216.912353482 0
15.08787585 217.558848203 0
14.74805761 218.043717323 0
10.91562753 219.592375245 0
8.02431745 222.669209808 0
7.56313729 223.129839568 0
4.88733952 226.097639891 0
4.82144128 228.365879253 0
4.98326016 228.931561174 0
5.51907072 231.369230296 0
5.54545408 232.242160857 0
4.66813184 233.866071258 0
3.43831552 234.399429339 0
3.09040768 234.658027739 0
2.9660416 235.188637659 0
2.93367936 235.47147798 0
2.91545344 235.64216086 0
2.79613312 235.7624015 0
1.27607168 237.368839901 0
0.50743808 238.290095582 0
0.5398016 238.605261023 0
0.3909376 240.105531104 0
0.31003008 240.655051744 0
-0.83877632 243.495462627 0
-0.97695232 243.889049827 0
-1.29249792 245.076983269 0
-1.2601344 245.973991909 0
-1.37155456 246.35410711 0
-1.7074752 246.68449943 0
-3.155744 247.743133671 0
-3.51983489 248.187597031 0
-3.65024641 248.459013352 0
-4.77488129 250.495467754 0
-5.83812609 252.343189995 0
-5.92211841 253.020555756 0
-6.15675393 253.545831916 0
-7.24902657 253.901403117 0
-8.81057025 254.515573997 0
-9.53875073 254.992361198 0
-9.70650113 255.350917358 0
-9.92495617 255.593353198 0
-11.18713601 256.417633519 0
-11.30850049 256.514607599 0
-12.00128001 255.596231918 0
-11.46173825 253.900805357 0
-11.20824833 253.077561836 0
-11.16224257 252.829633516 0
-11.25933441 252.360925675 0
-11.39687809 251.908377835 0
-11.62553089 248.672289512 0
-12.17571201 247.815684071 0
-13.15470849 246.60350999 0
-14.00477313 244.512912868 0
-16.8088141 241.050967265 0
-17.10817666 240.590341344 0
-16.78452098 238.871859423 0
-16.6146125 237.595035102 0
-16.67124866 237.304111581 0
-17.27098242 236.664187101 0
-17.87780098 236.607620061 0
-18.57361666 236.769241821 0
-21.28404866 237.457764061 0
-21.55656194 237.249235421 0
-23.11001474 234.986507739 0
-23.7745485 234.302160859 0
-24.47204226 234.134341338 0
-24.73095298 234.085856218 0
-27.69454851 234.702160859 0
-28.18165251 234.571063259 0
-28.42438019 234.449845979 0
-30.69792259 233.375049178 0
-31.07524227 233.233472218 0
-31.43933443 232.999115737 0
-32.28860419 231.952087256 0
-32.16723971 230.675264215 0
-32.08633219 230.497476055 0
-32.00542211 230.368176855 0
-31.91642243 230.141906135 0
-31.91591427 229.852912854 0
-31.70555011 229.254907094 0
-31.49518595 229.020553174 0
-31.26055043 228.826605013 0
-30.89646083 228.446789333 0
-30.58204803 227.519760852 0
-30.59711619 227.374721492 0
-30.69420931 227.164610772 0
-30.95311619 226.073651411 0
-32.32096643 224.58144149 0
-32.99251075 223.975355089 0
-33.43751043 223.530889169 0
-33.95163267 222.327831247 0
-34.04323459 221.363661007 0
-34.08194819 221.199863246 0
-34.94460675 220.683963086 0
-36.35575044 220.380855246 0
-38.12348676 218.617202124 0
-38.19454852 218.492161484 0
-38.31808644 218.274948044 0
-38.89454852 217.627163083 0
-39.3853466 218.048560843 0
-42.4740762 218.945613004 0
-48.00399621 219.195573964 0
-48.15454853 219.212161485 0
-49.08890629 218.593481164 0
-49.60396293 218.024233163 0
-51.38454917 218.162160844 0
-52.24454917 219.092161484 0
-52.30884997 219.093045964 0
-52.69240453 218.819367884 0
-53.81018629 218.512850124 0
-57.77454854 223.432161488 0
-59.03672454 224.125927889 0
-60.01204614 224.191611089 0
-65.38573446 225.46745365 0
-67.92614663 227.830461653 0
-69.35614599 229.336370134 0
-70.15613063 229.555314134 0
-70.57552263 230.305771735 0
-71.85960071 232.981933017 0
-76.82018055 233.749269978 0
-78.24454919 233.722160858 0
-78.98999688 234.285677019 0
-81.48337416 235.41961494 0
-84.3613492 238.612562143 0
-86.92366856 241.615527905 0
-86.93454856 243.127163107 0
-87.9119988 244.297403108 0
-91.15713033 244.830483428 0
-91.98154633 245.148861669 0
-92.43954825 245.425360869 0
-93.15641481 246.014779109 0
-93.20954633 246.09196183 0
-93.43054857 246.66816151 0
-94.02954633 247.495061991 0
-98.02974857 248.215303912 0
-98.94739977 247.369875431 0
-99.28216201 247.03011479 0
-101.88531466 249.008713192 0
-102.00523018 249.278521833 0
-102.63478794 249.594803433 0
-103.67435658 247.703471591 0
-104.2384641 247.340681191 0
-106.8996225 247.225344231 0
-107.72795914 247.286157031 0
-107.98380042 247.290351591 0
-108.61291402 247.428756711 0
-108.94634634 247.596521191 0
-109.61530634 248.154337511 0
-109.90050442 248.104009191 0
-109.90545034 248.104417511 0
-110.18164234 247.409591271 0
-110.16132362 247.06235543 0
-110.76160267 246.99032215 0
-111.61490059 246.72665111 0
-111.77671435 246.18791319 0
-112.27266571 245.034031589 0
-113.54022027 245.411147749 0
-114.16051467 245.617661669 0
-114.87070219 245.420125669 0
-119.30813451 245.043275749 0
-119.77560331 245.213875429 0
-121.24561419 245.995849189 0
-121.25157259 245.999227109 0
-121.70569484 246.28918167 0
-121.70597644 246.28999959 0
-121.967131 246.34868503 0
-122.0901902 246.35797399 0
-122.38506636 246.40441111 0
-122.77978636 246.50889495 0
-122.92838668 246.59480343 0
-123.35328652 246.85485335 0
-126.4275982 247.424057831 0
-126.5178766 247.492604391 0
-127.13516812 247.224513511 0
-127.412699 247.357940711 0
-127.64466188 247.685417191 0
-127.96190476 247.688829671 0
-127.86934796 246.53092759 0
-128.71438604 245.884443109 0
-133.79899917 242.445907426 0
-134.46912269 241.972564706 0
-134.80174477 240.742451425 0
-135.48496653 240.086990304 0
-137.02365837 237.962363102 0
-137.50298893 237.264350941 0
-139.46275213 235.262048219 0
-141.32145421 234.390665179 0
-141.69036173 234.357005019 0
-143.43334926 234.975667419 0
-144.70097294 235.9108559 0
-144.9746651 235.65188118 0
-148.97284238 233.300045018 0
-149.61241614 232.990035417 0
-150.1861531 232.896096217 0
-151.98776206 232.885913817 0
-153.28572174 233.083191257 0
-154.14162447 233.815938778 0
-154.73416975 234.313833179 0
-155.30396687 234.686569179 0
-158.50183823 236.396313821 0
-159.72546063 237.876139742 0
-159.12464783 239.076318943 0
-158.85958415 240.523595744 0
-159.76080271 241.317833185 0
-162.07569807 242.129719266 0
-163.46554639 241.964161506 0
-163.66115215 241.865134306 0
-164.24850831 241.590741985 0
-164.47948048 241.546411745 0
-165.18128016 241.156317665 0
-165.01423248 239.087655903 0
-166.37564432 237.608855262 0
-167.00150416 237.395255261 0
-167.44658064 237.064407261 0
-168.93662224 237.564733662 0
-169.61154448 237.563161822 0
-169.80854416 237.376617181 0
-169.97481616 237.177952221 0
-170.23036432 236.752723421 0
-170.84091664 236.26757014 0
-171.10456464 235.96261526 0
-172.04814864 234.534871259 0
-172.55738128 234.592311259 0
-172.708356 234.582483419 0
-174.09676432 233.105191897 0
-174.24140432 232.659037657 0
-174.3685544 232.447346137 0
-174.48918416 232.424548057 0
-173.43959824 234.688958939 0
-173.35195024 235.56452886 0
-172.83087632 235.91517718 0
-172.12920848 235.83252118 0
-172.10935056 236.04412182 0
-172.88052496 236.29209366 0
-172.95049232 236.449202141 0
-172.5235304 236.852567261 0
-171.77050256 237.587915742 0
-172.09880208 237.551509982 0
-172.59733008 237.466565342 0
-172.77971856 237.660725982 0
-172.77971856 238.133991902 0
-172.60949008 238.413095902 0
-172.65812624 238.534447583 0
-173.10802064 238.206802142 0
-173.09586192 238.073317342 0
-173.05938448 237.806345182 0
-172.99858832 237.527241182 0
-173.01074448 237.138919901 0
-173.21858064 237.140213981 0
-173.51646224 237.275769821 0
-173.49329296 236.740155101 0
-173.56319248 236.581249501 0
-173.92527632 236.499287261 0
-174.0378664 236.392647901 0
-174.02060816 236.33799574 0
-174.11662608 236.0418255 0
-174.4151272 235.97445526 0
-174.44634256 235.91303958 0
-174.30742416 235.82628374 0
-174.13486224 235.76599318 0
-173.99330064 235.69810326 0
-173.8262184 235.61149974 0
-173.81998224 235.58538134 0
-174.0605864 234.618925019 0
-174.49019024 233.964365018 0
-174.60463632 233.439838938 0
-174.65254672 233.155463897 0
-174.69762704 232.893465817 0
-174.71614864 232.775264217 0
-174.7448744 232.371849177 0
-174.75631248 232.207077337 0
-175.12402064 231.954567896 0
-175.23354641 231.878587096 0
-175.34808465 231.812324056 0
-175.47906449 231.736115416 0
-175.75293073 231.577086936 0
-175.83652881 231.528699096 0
-175.58435217 227.197568212 0
-175.38560017 225.50618517 0
-175.44323857 225.08443413 0
-175.71155217 224.149902289 0
-175.77117841 223.344953808 0
-175.87426705 222.778677968 0
-176.12902801 222.473319888 0
-176.75301649 221.432562127 0
-176.56618641 220.909840846 0
-176.39923857 220.296491726 0
-176.44664465 220.042373325 0
-176.45108241 220.026969805 0
-176.52263825 219.652653005 0
-176.52272657 219.652213965 0
-176.99047825 219.115571404 0
-177.10896657 218.972973004 0
-177.23159057 218.802130124 0
-178.53123217 217.282125003 0
-178.44926225 217.141133003 0
-178.25826833 216.817351882 0
-178.18203665 216.695213002 0
-178.01317649 216.468973002 0
-177.07543057 215.253346761 0
-176.99553425 214.6032514 0
-177.24990865 214.54279188 0
-177.33597841 214.47516564 0
-177.34816657 214.46527508 0
-177.94386833 214.07550996 0
-178.74733841 213.748033479 0
-178.73643025 209.874635716 0
-178.97480849 209.713668036 0
-179.01257233 209.703973316 0
-180.36428433 208.116115394 0
-180.92751121 209.267451075 0
-180.95740817 209.523771075 0
-180.95579025 209.820171716 0
-180.89478033 211.497399237 0
-180.86730641 212.725502918 0
-180.76710417 212.900044999 0
-180.05035025 213.758377159 0
-180.38610321 213.8844354 0
-180.68104849 213.696804039 0
-181.32467217 211.886081478 0
-181.29881617 211.623943877 0
-181.20265617 210.878095557 0
-181.38810641 210.103641796 0
-181.54972305 209.319492035 0
-181.61679249 209.035535555 0
-181.55537809 208.762085315 0
-181.44709649 208.546331075 0
-182.17920913 207.221743553 0
-182.27294225 207.096491713 0
-181.39174417 205.737643712 0
-183.79615249 204.186311871 0
-183.95776657 203.82898579 0
-184.04503825 202.810009789 0
-184.07009041 202.417611709 0
-183.17959825 201.357909948 0
-182.63051409 201.054884028 0
-181.73355921 200.563899067 0
-181.43098897 198.325163705 0
-181.63901457 198.315367865 0
-181.63820433 197.831980985 0
-181.68997265 197.831869625 0
-182.39371793 197.815943865 0
-182.80869393 196.436768183 0
-182.48546705 194.163669941 0
-180.77842065 194.402857141 0
-179.68469777 194.671945142 0
-178.83827857 194.917426102 0
-178.83226001 194.891415222 0
-178.63248017 193.998261941 0
-178.46301201 193.24574098 0
-179.44754449 191.315013299 0
-180.45830033 189.107888816 0
-179.99428113 187.762231215 0
-179.73604241 187.338560175 0
-178.90887441 186.967343534 0
-178.60250001 186.217127854 0
-178.61214609 186.003552174 0
-179.31075217 184.252211372 0
-179.32039825 184.023475372 0
-179.28043793 182.797124011 0
-179.92530449 181.98966417 0
-180.63218065 181.489476009 0
-180.86918417 181.322747049 0
-181.19712913 181.089879209 0
-182.15478417 180.388516008 0
-182.64808209 180.140487848 0
-182.97740433 180.217652648 0
-183.34393233 180.562132649 0
-183.93644049 181.102279849 0
-184.50690065 181.113303209 0
-184.16930833 180.541465768 0
-183.53684241 179.404677287 0
-183.40869393 177.939945126 0
-183.33979793 177.879319206 0
-182.13739025 178.917437607 0
-181.17446289 178.541616807 0
-181.11211409 178.640335527 0
-181.05669521 178.792741287 0
-180.98741905 178.981516967 0
-180.91641233 179.177218727 0
-180.34142609 180.044896168 0
-180.22712081 180.095119528 0
-180.10242449 180.084727208 0
-179.82359185 180.057017768 0
-179.53707793 177.958485926 0
-179.59924625 174.381851043 0
-179.69871249 170.627003039 0
-179.73591825 169.241437598 0
-179.75141649 168.613264797 0
-179.75699217 168.407297437 0
-179.72814481 167.715703197 0
-179.42868497 167.573495196 0
-178.27809809 166.825903516 0
-178.20547473 166.759635356 0
-178.16537233 166.658579356 0
-178.11377041 166.523573915 0
-177.84933649 165.744000155 0
-177.73239825 165.387191194 0
-177.65406481 164.290515353 0
-177.90761233 163.874450073 0
-177.98080401 163.755552153 0
-178.07421841 163.601651353 0
-178.09104017 163.572303513 0
-178.30417425 163.369083032 0
-178.57811089 163.206159512 0
-179.61330705 162.631154072 0
-179.74513809 162.418192792 0
-179.81725073 162.291995031 0
-180.01330833 161.727481751 0
-179.98852241 161.13592719 0
-180.00593169 160.93574927 0
-179.99320977 160.64382095 0
-179.83912465 160.39467151 0
-179.83109521 160.39915407 0
-179.53936017 160.55081231 0
-178.93708433 160.88120335 0
-178.68768785 161.04873999 0
-177.74412689 161.570203031 0
-177.31170449 161.472329111 0
-176.69535889 161.17062927 0
-176.32531985 160.92888079 0
-176.28357265 160.89716751 0
-174.6457768 161.926599831 0
-173.45854608 160.46416143 0
-171.24763152 157.335759507 0
-170.96754704 156.968161427 0
-170.92183056 156.757330066 0
-170.9613224 156.540323986 0
-171.45346832 155.770351505 0
-170.98104464 153.376483983 0
-170.73139088 152.722132623 0
-170.1911464 151.767724942 0
-169.88328208 152.619116942 0
-169.89315472 152.865714063 0
-167.88343056 154.532366224 0
-167.83406224 154.492908944 0
-167.86368272 154.266039184 0
-167.36014864 153.486795663 0
-166.53079824 153.506521743 0
-165.0141224 151.360851341 0
-164.88847248 151.229897101 0
-163.55008655 151.331541901 0
-163.10260623 151.714130062 0
-162.58386831 152.093959822 0
-160.49975055 152.829787023 0
-158.76903055 151.881813902 0
-158.48863119 151.505479821 0
-158.15565455 151.199161741 0
-157.41454607 150.732158861 0
-156.97608847 150.749783181 0
-156.72180623 150.828370061 0
-156.45541647 150.931137421 0
-155.84821263 151.478037901 0
-154.62737039 151.763081102 0
-153.89454607 154.110162064 0
-153.76864655 154.239883664 0
-151.6425243 159.574913429 0
-151.14433806 160.78314895 0
-150.8746523 161.640837271 0
-149.94574222 162.757827992 0
-149.14668046 162.967261592 0
-148.5773467 163.306348952 0
-147.78180622 167.121340316 0
-146.63322254 167.598597276 0
-144.85054606 168.725161117 0
-144.47684238 169.138073758 0
-144.29006606 169.133024158 0
-143.34298254 167.440975516 0
-143.16587406 167.050469276 0
-141.88919053 166.465251995 0
-141.36124045 166.235532955 0
-141.25610253 165.860389275 0
-141.63910413 165.560279195 0
-140.09309069 163.636809113 0
-137.90850829 161.810907031 0
-136.38956045 161.657191831 0
-136.21154445 161.464161431 0
-136.21905037 161.17930383 0
-136.21905037 161.09275919 0
-136.22731661 160.99041807 0
-136.19482637 160.56389391 0
-136.56537229 160.34844303 0
-136.80286221 160.16117775 0
-136.35622029 159.658781589 0
-136.56279437 158.509189268 0
-136.55531021 158.025121428 0
-135.97235597 158.033835668 0
-135.77368845 158.395945108 0
-134.94087437 158.592821908 0
-134.66432653 158.296055188 0
-134.62677005 158.383973268 0
-132.26559245 158.463308948 0
-132.26425997 158.455881108 0
-132.19030668 158.037742228 0
-132.18824076 158.034529428 0
-132.43475085 157.225685907 0
-132.83096845 156.915881106 0
-133.02583437 156.715227026 0
-133.11269005 156.421255826 0
-132.89778061 155.293031825 0
-133.10934797 154.320035984 0
-133.17393421 153.987759504 0
-132.73921677 153.527539343 0
-132.69400717 153.409173903 0
-132.63053197 152.988928143 0
-132.62608013 152.943273103 0
-132.53477261 152.233959822 0
-132.53922445 152.088531342 0
-132.59601421 151.832419982 0
-132.97372045 150.44229774 0
-133.33673101 150.0917595 0
-133.52870285 149.8443355 0
-134.20126989 149.247485579 0
-134.28255629 149.093817739 0
-134.11218829 148.686716299 0
-134.10328205 148.673799819 0
-133.92734477 148.070041738 0
-133.99415437 147.966487178 0
-134.12332429 147.769171338 0
-135.39964429 146.810871177 0
-135.69027469 146.535161737 0
-135.77267725 146.226046857 0
-135.78937869 146.105121416 0
-135.87178253 145.108293255 0
-135.89405069 144.790272135 0
-136.60314253 143.637995654 0
-136.61762061 143.518181254 0
-136.65325069 143.207954054 0
-136.81805453 142.853184133 0
-137.05523469 142.497301893 0
-137.10979597 142.433163653 0
-137.27348621 142.239407493 0
-137.34920461 142.100663173 0
-137.44162829 141.929181573 0
-137.24453517 140.030621571 0
-137.12316045 139.932631171 0
-137.04521229 139.870273411 0
-136.88486669 139.73999117 0
-136.72251277 139.62774925 0
-136.52207629 139.46405901 0
-136.16107277 138.91709965 0
-136.15996045 138.580143489 0
-136.16107277 138.326039169 0
-136.15884813 138.317131649 0
-136.07243917 137.685985409 0
-135.84861837 137.492455808 0
-134.32910221 136.986247808 0
-134.13200781 136.887143808 0
-133.97500429 136.794721408 0
-133.92600845 136.761314688 0
-134.71527437 134.194291325 0
-135.21212813 133.798557565 0
-135.24564109 133.391751805 0
-135.28789517 133.133856124 0
-136.06595597 131.389479803 0
-136.15192077 130.153611642 0
-136.75601037 129.325721721 0
-137.90044429 122.457929074 0
-137.79525645 122.336329074 0
-137.56697869 122.093281394 0
-137.46820621 121.987648114 0
-137.34810253 121.859183474 0
-136.55196301 120.734355313 0
-136.50347277 120.659009393 0
-136.37545869 120.471463793 0
-136.21238029 120.339717232 0
-135.96798861 120.059513712 0
-135.88264461 119.962835312 0
-135.07546637 119.221899631 0
-134.65038861 118.983027311 0
-134.55609485 118.947667311 0
-134.42703629 118.899175791 0
-134.41882893 118.892463471 0
-134.38869005 118.873813871 0
-134.17757069 118.737294191 0
-134.02822029 118.639865711 0
-133.98495245 118.616739951 0
-133.81784461 118.522741871 0
-132.92801037 118.713273711 0
-132.54694797 118.764001391 0
-132.43355405 118.769223791 0
-132.26719501 118.776683631 0
-131.72499852 118.795331951 0
-131.42883468 118.678956911 0
-131.27366284 118.381299311 0
-130.23865228 117.75898123 0
-130.0514062 117.73809163 0
-129.53919628 117.71645707 0
-129.11322636 117.74182411 0
-128.17176716 117.39552523 0
-128.21204876 117.030281069 0
-128.19489036 116.732922989 0
-127.89932428 115.882621548 0
-127.81353228 115.649420908 0
-127.62777868 115.112297068 0
-127.39427596 114.658277227 0
-127.01157388 113.999403627 0
-126.52413708 113.967325546 0
-126.38806284 114.027453547 0
-126.1932046 114.131147627 0
-125.73569676 114.733394027 0
-125.71978892 114.767193707 0
-124.23695628 114.579837547 0
-123.82147084 114.129731947 0
-123.54448396 112.606293865 0
-124.96879244 110.725941863 0
-124.74863884 110.341333863 0
-124.65394444 110.333373543 0
-124.5014286 110.387751783 0
-124.21496076 110.378467943 0
-123.42028044 110.225949543 0
-122.2754766 110.694110823 0
-122.04736268 110.582707303 0
-122.24497036 109.806595943 0
-122.26884236 109.574501222 0
-122.29271436 109.315887462 0
-122.32189196 109.021463142 0
-122.36300812 108.674521702 0
-122.56810508 106.47847178 0
-122.5794766 106.242741859 0
-122.47204236 105.359484258 0
-122.35259916 105.184044898 0
-122.13468812 104.864261218 0
-121.99793804 104.662999138 0
-121.92144396 104.550199138 0
-121.8706446 104.476231778 0
-121.71914636 104.255553377 0
-121.64621068 104.149419617 0
-121.32975627 103.693052257 0
-120.99132683 103.204581216 0
-120.93195019 103.118351456 0
-120.84280715 103.091051616 0
-120.68654219 103.125091936 0
-119.63173259 103.298371937 0
-119.35415307 102.896363616 0
-119.30354443 102.267687776 0
-119.03290123 101.546845535 0
-118.58183307 100.950763614 0
-118.02043915 100.624803934 0
-117.58384011 100.484992094 0
-116.28683915 98.635043932 0
-115.97525003 98.450554972 0
-115.08308875 98.394304092 0
-113.84553227 98.207838812 0
-113.84126859 98.405402972 0
-113.86135051 98.741377372 0
-113.78977291 99.313266013 0
-113.73752715 100.195837534 0
-113.04943243 100.537743454 0
-112.75216523 100.494528094 0
-112.61917323 100.445808734 0
-112.51329419 100.629053534 0
-111.21612043 102.697283936 0
-110.77991051 102.916871776 0
-110.20600074 103.270151777 0
-109.52015626 104.796544098 0
-109.53007626 104.960733538 0
-109.80758282 105.019801698 0
-110.49905034 104.791683938 0
-109.49901194 105.533799779 0
-109.39625866 105.868480099 0
-109.42745226 105.936111459 0
-109.4901569 106.046261859 0
-109.26772874 106.240655459 0
-108.44007434 106.76386186 0
-108.31626122 106.85405962 0
-106.67096458 107.16466314 0
-105.77032842 105.714045539 0
-105.47649034 105.701075299 0
-104.51245322 105.695321699 0
-103.27770634 105.432825699 0
-103.04158602 105.574866019 0
-100.4788161 107.961253221 0
-100.34468234 108.130258021 0
-99.99841418 108.626290022 0
-99.89048585 108.664505702 0
-99.64007433 108.915271782 0
-99.32350089 109.143911782 0
-99.00107273 109.210483302 0
-97.20322057 109.504729702 0
-96.89117065 109.616798822 0
-96.62741641 109.730906983 0
-96.49515017 110.243927143 0
-95.55974409 110.737181543 0
-93.70138505 107.903651941 0
-93.82068617 106.7980161 0
-91.81228041 106.63334922 0
-91.71234441 106.9965889 0
-90.53553033 108.029291621 0
-89.1486388 108.706955622 0
-88.28517 108.827119462 0
-88.07753224 108.986263142 0
-88.08633608 108.697395302 0
-88.07316232 108.598739301 0
-87.41465608 109.071474022 0
-87.51327112 110.043186023 0
-87.19470856 112.399079785 0
-87.07285 112.755424105 0
-87.0130484 112.843927145 0
-87.455314 114.988391787 0
-87.2009844 115.484911468 0
-86.47599496 116.406665069 0
-84.88444808 117.87418123 0
-85.16449416 118.843055471 0
-85.51103624 119.765331312 0
-86.28043656 121.265191793 0
-84.62345608 123.567459955 0
-84.42247432 123.771724916 0
-82.80316808 124.300777076 0
-82.01187848 124.682727796 0
-81.0133044 125.051509877 0
-80.94132232 125.274761077 0
-80.9389428 125.300071797 0
-80.4677364 126.834695798 0
-79.74635016 128.36667404 0
-79.44053256 128.79451148 0
-78.9651188 129.605871481 0
-78.86630024 129.993763961 0
-78.8292084 130.565685882 0
-78.24202247 132.144419963 0
-78.54288648 134.334174845 0
-79.00455432 135.065661566 0
-78.39577223 135.974403967 0
-72.79203463 139.67547405 0
-72.07718023 140.162901891 0
-71.03799431 140.936716932 0
-70.55279239 141.368812932 0
-68.67685511 141.660093572 0
-68.36162439 142.206885253 0
-67.87295879 142.912149893 0
-67.10875014 144.037374854 0
-67.14500486 144.186241415 0
-67.3615591 144.920085895 0
-64.9872871 145.992605576 0
-64.11647622 145.738005896 0
-63.90708486 145.722482056 0
-63.55647878 145.912871816 0
-62.4467943 148.030277258 0
-62.46124678 148.341213579 0
-62.93411462 148.392275339 0
-64.05880454 148.414275979 0
-64.19997446 149.222201739 0
-64.06243846 149.47137166 0
-63.95447686 150.02374926 0
-63.88291846 150.752793741 0
-63.68470022 152.297423502 0
-63.62267654 152.495292302 0
-63.43203462 152.737387663 0
-63.27948038 153.011993743 0
-63.2359463 153.346254223 0
-63.79228678 155.576527505 0
-64.66498438 157.022279827 0
-64.43881222 157.239435667 0
-65.33238918 157.496339347 0
-65.66567814 157.447593107 0
-66.04386438 157.297251987 0
-66.31318278 157.112556947 0
-67.22217094 157.412303507 0
-67.14749446 157.607765907 0
-65.60470918 159.992382869 0
-65.55735046 160.104121749 0
-65.74602246 160.39060495 0
-67.4308071 159.820455829 0
-66.60811014 161.315475351 0
-66.9212903 163.017011352 0
-67.12746246 163.270451352 0
-67.25390598 163.286927512 0
-68.77122055 160.86715023 0
-70.45003271 159.275321749 0
-70.58817671 159.129833109 0
-71.43928839 159.473139349 0
-73.15161479 159.727180949 0
-73.77081223 161.468745111 0
-73.89573639 161.657216151 0
-75.16426631 160.34502159 0
-75.86143495 158.990307988 0
-75.81500423 159.696361109 0
-75.53664647 160.49821967 0
-75.42931847 161.15933967 0
-76.33647239 161.580495511 0
-76.62422663 161.522073751 0
-76.79568647 161.457193111 0
-76.94833415 161.632750231 0
-76.59721991 162.091371671 0
-75.11951239 162.636763032 0
-76.00551047 163.328727192 0
-76.11932807 163.345330072 0
-76.50821255 162.861051032 0
-76.92022023 162.877296792 0
-76.94600071 163.398031513 0
-77.21861639 163.777273753 0
-77.20912903 163.883587993 0
-77.17985031 164.063431833 0
-77.42355847 164.593184154 0
-77.16101639 164.672117914 0
-76.94496263 164.800585114 0
-76.74395655 165.679041435 0
-76.80024455 165.859721115 0
-78.04273415 167.492697756 0
-76.64718599 168.396953757 0
-76.28228103 168.270931357 0
-76.24125447 168.092453277 0
-75.65911431 166.349217435 0
-75.63921031 166.220801435 0
-75.67472903 166.068451995 0
-75.67265671 165.944702875 0
-75.31584007 165.085877914 0
-75.92073479 164.845438874 0
-75.88092423 164.740185754 0
-72.99595911 164.232882073 0
-72.78709255 163.951653273 0
-72.80969223 163.061217432 0
-72.76499847 162.763225752 0
-72.72339207 161.263911831 0
-72.71654279 160.95543823 0
-72.36506247 160.91837327 0
-72.00899463 160.96227983 0
-71.52831623 161.738284951 0
-71.76812423 162.557902232 0
-71.90225031 163.024471192 0
-72.46288263 164.551817114 0
-72.58982279 164.710223514 0
-72.92931847 164.985845914 0
-73.73831047 165.574693275 0
-73.89131271 165.773495195 0
-74.04596487 167.136911516 0
-73.70379015 166.548083355 0
-73.73269255 166.150819995 0
-73.32821255 165.629021595 0
-72.42732295 165.615639195 0
-72.24636039 165.718073755 0
-71.69752711 164.531791514 0
-71.17644423 163.054348952 0
-71.04190471 162.951961752 0
-70.30895623 163.368748952 0
-70.25474183 163.607011993 0
-70.36093063 164.048551833 0
-70.46629639 164.348489113 0
-70.61037831 166.200576155 0
-71.13621639 167.305863836 0
-71.69706247 167.619645596 0
-72.11349511 167.792542877 0
-72.25022855 167.928547997 0
-71.96537223 167.886697117 0
-70.88225031 168.660416157 0
-71.31125511 169.131159198 0
-71.49089799 169.253589918 0
-71.58210055 169.398149278 0
-70.16087815 168.153040797 0
-70.00418695 166.819983516 0
-69.90225031 166.640293276 0
-69.67090055 166.003602075 0
-69.54613127 165.975975835 0
-69.41042439 167.575555996 0
-69.39285255 167.891724957 0
-68.90345223 168.667781277 0
-69.06845063 168.977490078 0
-69.48468615 169.443449758 0
-70.15742215 169.924080799 0
-70.25606023 170.058373279 0
-70.29804679 170.598105759 0
-70.53267847 171.88905744 0
-69.34672647 172.581629601 0
-66.79791238 172.030352801 0
-66.67932038 171.76512016 0
-66.5950183 170.817036959 0
-66.8720487 169.628723358 0
-66.60569094 168.565835677 0
-66.28053254 168.388428957 0
-66.09046022 168.096957597 0
-66.67903622 167.182341276 0
-65.99200646 167.060751516 0
-64.51176838 166.385345435 0
-62.7530983 166.509223835 0
-63.5286823 168.137127837 0
-63.8424743 168.241509277 0
-64.11557638 168.339193757 0
-63.9212391 168.704655517 0
-62.98883206 169.083539358 0
-62.94358918 169.261362078 0
-63.42723846 169.965867679 0
-64.9741287 170.531203999 0
-65.2807143 170.506892959 0
-65.46470918 170.586297759 0
-65.5482983 170.882592159 0
-65.50462086 171.61111952 0
-64.62351494 171.71857424 0
-64.49831046 171.66570384 0
-63.92215814 171.34719376 0
-62.80191622 170.350748319 0
-61.97346438 169.964421279 0
-61.64020614 169.910988959 0
-60.91224454 169.921661599 0
-60.72407046 170.504259999 0
-60.60112646 171.4997672 0
-60.72486022 171.3126696 0
-60.96785798 171.43121808 0
-61.12022918 172.809833121 0
-61.29522822 172.806059681 0
-61.64557446 172.515532961 0
-61.73307526 172.589441441 0
-61.54716422 173.156825762 0
-61.02086022 173.393038242 0
-61.07599238 173.808699042 0
-60.83442054 173.776025762 0
-60.61712006 173.677127842 0
-60.21187462 172.652613281 0
-60.0805607 172.385121441 0
-59.36579846 171.51381776 0
-58.8468903 170.97681168 0
-58.38155654 171.52244112 0
-58.01930246 172.164384161 0
-57.99938054 172.339129761 0
-58.06819078 172.509433761 0
-59.00002694 173.618583202 0
-58.9810087 174.152051363 0
-59.22455686 174.303422883 0
-59.2369191 174.588645283 0
-59.28040838 174.762021283 0
-59.06325254 174.976391843 0
-58.73352838 174.677825443 0
-57.8988583 174.983856803 0
-53.02144005 176.132590244 0
-52.33007621 176.208153764 0
-52.85257221 175.590543524 0
-50.16665605 174.120114083 0
-51.12423813 173.273319842 0
-51.46693253 172.523169441 0
-51.43049477 172.468375201 0
-50.10649221 171.1201192 0
-49.67552645 170.98795152 0
-49.22376453 170.825917599 0
-49.49837061 169.796809118 0
-49.49565189 169.329497758 0
-49.42382085 168.977356958 0
-48.86459269 168.456375197 0
-48.34486277 168.174547357 0
-48.44408197 167.510755996 0
-48.57829253 166.641536156 0
-48.58106885 166.337758875 0
-47.89807237 165.217697434 0
-47.75093637 164.949799834 0
-46.81502085 163.557057433 0
-46.72424709 163.463995033 0
-46.46672517 163.197015192 0
-46.23544196 162.956729752 0
-45.7226842 162.415596952 0
-45.6136026 162.291261591 0
-45.43648004 162.087136151 0
-45.33731716 161.973781911 0
-44.90495876 161.405493911 0
-44.84439044 161.265136791 0
-44.66360836 160.83155983 0
-44.51409796 160.37982607 0
-44.4851098 160.23016335 0
-43.906601 159.279557269 0
-43.78836612 159.014863508 0
-43.79218052 158.951855508 0
-44.27518852 158.454813588 0
-44.40852612 158.331543188 0
-44.59236228 158.063799188 0
-45.02731268 157.308320147 0
-44.53301636 156.288905106 0
-43.7177306 155.423884945 0
-43.50033028 155.317093265 0
-43.47668228 155.304125585 0
-43.46375172 155.296448145 0
-43.45227268 155.289630865 0
-43.20588804 154.816236945 0
-43.28827012 154.032683664 0
-43.29437444 153.974711184 0
-43.1631706 152.933634703 0
-42.7085402 152.749341583 0
-42.56131844 152.689079183 0
-41.60247428 152.698539663 0
-41.2456346 152.864829583 0
-41.03128452 152.955603343 0
-40.0015002 152.750867343 0
-39.69485316 152.549487502 0
-39.4713498 152.359395982 0
-39.1837722 152.093939342 0
-39.08552452 151.968839822 0
-38.76041604 150.837141901 0
-38.62143236 150.556431501 0
-38.1700058 150.29707918 0
-38.12957828 150.28563598 0
-37.66594436 150.17807886 0
-37.50423044 150.15367182 0
-37.49278852 150.1475675 0
-37.10955652 149.73779214 0
-37.04776836 149.61376014 0
-37.0050522 149.52603534 0
-36.93154308 149.373479819 0
-36.47680644 148.145653898 0
-36.45768708 148.083749258 0
-36.28561668 147.882561418 0
-36.25649924 147.853441418 0
-34.49843203 147.388425098 0
-34.35635843 147.027061897 0
-33.96128643 146.317103497 0
-33.40515075 145.651525256 0
-33.07449091 145.251111816 0
-32.85442435 145.016279175 0
-32.69391235 144.042873734 0
-33.00854019 143.723646854 0
-33.89510019 143.263685254 0
-35.44471043 143.105162374 0
-35.81623428 143.112037254 0
-36.07457412 143.163767174 0
-36.52332804 143.190099334 0
-36.78871428 143.197657734 0
-37.4250842 143.118156934 0
-37.36276484 141.533057412 0
-37.5231642 141.303890052 0
-38.058473 140.795440771 0
-36.70247044 137.510699648 0
-36.31626244 137.585251968 0
-33.74638851 137.915019649 0
-32.49979651 138.056146049 0
-32.47506307 137.671239809 0
-32.45327107 137.321774208 0
-32.41284227 136.891489408 0
-32.91613443 135.854501247 0
-33.18421635 135.444747646 0
-33.47034499 135.065129086 0
-33.45961475 134.796603006 0
-33.05201411 133.654697085 0
-32.00122627 133.255389564 0
-31.20601859 133.103031164 0
-30.76847235 132.638380924 0
-30.33279491 131.471571323 0
-30.19119875 131.032719482 0
-30.48142467 130.787388282 0
-30.69029635 130.284763002 0
-30.79110275 129.401074041 0
-30.96079107 129.433913721 0
-32.22344451 128.5092814 0
-31.90674819 128.2227214 0
-31.15460227 127.433463159 0
-31.18337283 127.301199479 0
-31.25166467 126.876821879 0
-31.00736259 126.084702838 0
-30.32920835 124.711275636 0
-29.83681283 123.018103155 0
-30.07773059 120.940864113 0
-30.15134595 120.108300912 0
-30.21145859 119.004057711 0
-30.62950531 117.62065419 0
-30.85304067 117.47945739 0
-31.90237443 117.109099629 0
-32.09329667 116.991342189 0
-32.38090243 116.405697389 0
-32.49102467 114.686572907 0
-32.60619011 113.777694826 0
-32.84683267 112.855177065 0
-32.83764227 112.774821225 0
-31.86977795 112.422359145 0
-31.14688643 111.932821865 0
-29.23021315 110.846618984 0
-28.35533699 110.694379623 0
-26.60051715 109.090891622 0
-26.43778819 108.577532261 0
-25.98861699 108.237006181 0
-22.59595906 109.598595942 0
-21.7541581 109.615360102 0
-20.65101826 108.976377702 0
-20.72481666 108.179749221 0
-20.84643842 107.19731594 0
-20.39647234 106.80616586 0
-19.84571394 106.457539939 0
-19.62762882 106.297271139 0
-18.26224514 105.919289699 0
-18.16100098 105.445217379 0
-19.07363458 104.604030818 0
-19.9106253 103.954273377 0
-20.19158402 103.267482977 0
-20.3333133 100.244665694 0
-20.46668802 99.074080093 0
-20.4476365 98.673301852 0
-20.44515842 98.335489372 0
-20.0509645 92.799009367 0
-19.02829314 91.140423765 0
-18.60911618 90.609383765 0
-18.18320002 90.134187604 0
-17.12172802 89.889429844 0
-16.65332226 88.642706003 0
-16.34445058 88.028430162 0
-15.68025602 88.049255762 0
-15.28184834 88.199001682 0
-14.86988802 87.642489682 0
-13.87570433 86.834202961 0
-13.41517825 86.904153681 0
-13.38803457 86.891383121 0
-13.37306625 86.876579921 0
-13.36629249 86.859541841 0
-13.23794049 86.436665681 0
-12.76745217 86.176067921 0
-12.64886657 86.156953681 0
-12.59913857 86.034642 0
-12.62591489 85.90468104 0
-12.77934849 84.842817359 0
-12.93306113 83.966099279 0
-13.07130241 83.560698958 0
-12.85831041 81.615031116 0
-13.00069889 81.637515596 0
-13.23761025 81.703703116 0
-14.44323458 81.271993676 0
-14.56553218 80.332583755 0
-14.81693442 79.540025674 0
-14.9791885 79.210113354 0
-15.67297666 78.160567113 0
-15.6821325 77.935006793 0
-15.9067021 77.535488073 0
-16.65625858 76.971041352 0
-19.6259021 75.807801671 0
-19.63188866 75.541790791 0
-19.22994818 73.840459589 0
-19.01441666 73.193937989 0
-17.72660994 69.804083265 0
-18.06350082 69.312759105 0
-19.24433666 68.401530944 0
-21.26977794 67.899059264 0
-21.73809026 67.323779903 0
-23.44928258 67.105519423 0
-23.43466242 67.670845503 0
-23.71356674 68.728732224 0
-24.10731778 68.862563904 0
-24.22900226 68.878579264 0
-24.44666626 68.110187584 0
-24.4203981 68.014255424 0
-24.34078466 67.901342784 0
-23.89376258 67.502181183 0
-24.28974594 65.573143101 0
-24.93162243 64.18295814 0
-24.59043842 64.24351878 0
-24.36760834 63.98565126 0
-24.08856066 63.67534726 0
-23.72711682 63.480249659 0
-23.14490626 63.235040059 0
-22.04101634 60.941973817 0
-22.85720066 60.276638776 0
-23.63654018 59.979281976 0
-24.07864834 59.884345656 0
-25.08455043 60.473283897 0
-25.47511299 60.541264697 0
-27.24521475 59.059133495 0
-27.75845635 58.988536375 0
-28.61018499 58.332835895 0
-28.27686275 57.911797814 0
-27.72617603 54.984981812 0
-27.34027011 54.113591091 0
-27.86938499 53.857775411 0
-28.01507075 53.74168965 0
-28.17580419 53.10333317 0
-27.84195459 52.629085489 0
-29.87781507 52.410293809 0
-31.41632643 53.34904197 0
-31.77807491 53.06517509 0
-32.19500035 52.729852209 0
-33.52346499 52.660427569 0
-33.74263043 52.80431493 0
-33.96100611 52.86965893 0
-34.37425027 52.92717957 0
-36.21378052 53.72075013 0
-37.06371844 53.51966725 0
-37.21866884 53.53214981 0
-37.69697028 53.82383365 0
-38.53765892 54.274417971 0
-39.04791044 54.486639411 0
-40.20123908 54.783989811 0
-41.73332228 54.550263091 0
-41.96741636 54.406080051 0
-42.36074244 54.019802931 0
-43.57277444 52.98256133 0
-44.69352068 53.31102981 0
-45.4120218 53.53732357 0
-46.17792388 53.31230213 0
-46.46172677 51.533388848 0
-46.38706053 51.061373488 0
-46.45646213 49.436839726 0
-46.37149061 49.285303086 0
-46.02849796 49.057349166 0
-45.00292612 49.022369326 0
-43.53486852 49.300747566 0
-43.38506628 49.682641967 0
-43.43446916 49.773369647 0
-44.43837828 50.676546608 0
-44.48807044 50.790181168 0
-43.98532868 50.570187567 0
-43.56629636 50.542099247 0
-43.2267482 50.189383727 0
-42.58603396 49.702115887 0
-42.14404612 49.470855726 0
-41.83800324 49.351660846 0
-41.54958212 49.221975086 0
-41.2461786 49.110368046 0
-40.73161604 47.401824044 0
-41.4316826 46.216007723 0
-41.58538244 45.938387243 0
-41.81911428 45.766213163 0
-42.83275012 45.081203242 0
-42.89567876 44.848474922 0
-43.61887236 44.850725162 0
-44.26158724 44.325085482 0
-44.43999236 44.385498922 0
-44.57540612 44.456857642 0
-45.42264836 44.243098922 0
-45.81178244 42.75750404 0
-45.88478084 42.32355588 0
-45.45034628 41.893647399 0
-46.02710404 41.369189159 0
-46.28777988 41.122727719 0
-46.90620037 40.485551398 0
-47.07240069 40.388387878 0
-47.64616837 40.607107878 0
-47.77863813 40.841393958 0
-47.55881989 42.66241924 0
-47.77270405 43.302426921 0
-47.81498885 43.431461161 0
-46.75942021 44.208857642 0
-46.69414405 44.456887082 0
-46.57578501 44.914549802 0
-46.45074437 45.054227242 0
-46.51328005 45.180353322 0
-48.09982213 45.230681642 0
-48.98142469 44.344449322 0
-49.24658053 43.469309481 0
-49.08352005 42.44664324 0
-48.96635653 42.023756839 0
-48.83436805 41.631667239 0
-48.81883397 41.219667239 0
-49.18467845 40.671015718 0
-49.14491269 40.345989158 0
-48.61393669 39.518266917 0
-48.65089669 39.433617957 0
-49.03189253 38.686195236 0
-49.13939845 38.368689956 0
-49.27278213 37.312697635 0
-48.77450501 37.240222755 0
-47.58707717 37.246339875 0
-44.81464324 35.764211234 0
-44.34386052 35.271347233 0
-44.0268762 35.091272993 0
-40.3231706 31.46782979 0
-39.74940036 31.249121309 0
-38.8673882 30.743297309 0
-38.5360922 30.438784029 0
-38.28232452 30.242298909 0
-37.43275652 30.277957149 0
-37.06679044 30.233651229 0
-36.59434884 30.196341788 0
-34.50441219 30.653891869 0
-34.10492419 30.462881309 0
-32.81196291 30.283463709 0
-32.50510467 30.232040989 0
-32.22893827 30.210599708 0
-31.81444995 30.282333469 0
-31.44036227 30.343367709 0
-31.31837827 30.296931869 0
-25.56673795 27.800821786 0
-25.10415107 27.110457626 0
-24.64307458 26.805523225 0
-24.6056909 26.753237785 0
-23.44214274 26.770417945 0
-20.80996226 26.182229785 0
-20.31130626 24.127240983 0
-19.98940034 23.938880023 0
-17.71786626 23.193349142 0
-16.27792642 20.428011539 0
-15.40320514 18.001565457 0
-15.00771842 15.474947855 0
-15.34599682 15.539677455 0
-15.6130893 15.641941775 0
-15.90812674 15.731713295 0
-15.22116098 14.059591693 0
-14.88806018 13.719685133 0
-14.94486658 13.598775053 0
-14.9285325 13.457308173 0
-13.94242817 11.594407691 0
-13.59352449 11.320067851 0
-13.42749697 10.44066817 0
-12.90088833 9.185895689 0
-12.30226049 8.057006088 0
-11.78278017 7.112805127 0
-11.37221505 6.414021126 0
-9.95465857 5.233256965 0
-8.94039041 4.455859204 0
-7.47842049 4.996759045 0
-6.97178113 5.345273605 0
-6.46778625 5.681187846 0
-6.09505409 5.255258885 0
-5.71087105 4.968131845 0
-4.89325825 4.517352965 0
-2.87786624 2.649541123 0
