------------------------------
93.876797256 538.882126565 0
------------------------------
0.773751041 0.0596339201 0
2.966485763 1.047008001 0
5.085703685 4.7581081645 0
6.539141126 7.465290247 0
6.768829447 9.4820224089 0
13.381095693 23.2901069017 0
12.429139212 25.0235008233 0
11.175859211 25.3955200237 0
7.474609927 24.3286105827 0
3.077969923 23.3202137817 0
1.219299841 22.9798425814 0
-6.002656005 19.343072018 0
-8.586873608 15.5033126545 0
-9.011092488 13.3460160125 0
-14.392810253 10.1457651295 0
-16.741640975 8.9994841684 0
-18.681719057 8.1736448076 0
-21.27804546 7.465332487 0
-24.382342422 6.1246784057 0
-24.696796183 3.235694083 0
-19.838359058 1.7048166416 0
-18.092188177 2.4674483223 0
-17.389062416 3.3177497631 0
-11.49367041 -3.5978739233 0
-10.49070209 -3.8607257636 0
