------------------------------
487.23106066 325.665039647 0
------------------------------
0.45894016 1.274959361 0
0.59937152 1.369615361 0
1.7677376 1.763653122 0
2.45054848 1.884893442 0
3.17888001 2.066759682 0
4.04153985 2.582659842 0
4.41142401 4.407365124 0
4.68597633 4.913689605 0
5.99670017 6.077377286 0
7.23509633 8.127187208 0
7.29982465 8.393867528 0
7.54144001 8.902557448 0
7.50211585 9.142688008 0
7.22702593 9.829587209 0
7.09757185 9.983129609 0
6.62830209 10.40335105 0
6.26420993 10.98519553 0
6.11806465 11.750973451 0
6.03715841 11.880275211 0
5.95624833 12.058062091 0
5.85106433 12.769203212 0
5.83488385 13.334885132 0
6.68415233 14.381913613 0
7.15342465 14.705160974 0
9.69910657 15.832643855 0
10.42894081 16.084957455 0
10.77917441 15.993928975 0
12.16271873 15.460569614 0
13.39253378 15.468654094 0
14.19353346 15.597949454 0
14.63044226 15.937361935 0
15.36137986 16.821849616 0
15.79828866 17.629967376 0
16.5021965 18.559303697 0
17.64851202 18.612665617 0
18.01260034 18.475287057 0
18.39287426 18.337907217 0
19.1372365 18.200526097 0
19.5498701 18.152039697 0
20.69068674 17.958091537 0
20.85250434 18.046984977 0
21.10332418 18.176284177 0
21.50887426 18.977831698 0
21.51696642 19.438458898 0
21.0603405 22.157657621 0
21.58167426 22.676200981 0
23.16972802 24.458677783 0
23.28300034 24.628381463 0
23.67136386 25.323361304 0
23.8493645 25.533473304 0
24.27853955 26.249959704 0
26.26332035 29.618703388 0
26.43323011 29.869219868 0
26.45963779 31.297557789 0
26.52436611 31.92788739 0
26.61336579 32.38851587 0
26.88020227 34.685597472 0
26.66174851 35.283603233 0
26.49184003 35.687663393 0
26.15026435 36.704627234 0
26.18030211 39.319069477 0
26.70713859 40.327027238 0
27.11973635 42.456053799 0
27.11929859 42.456620839 0
24.70870659 44.902183722 0
24.58437763 45.067631402 0
23.92130434 45.357171242 0
22.34649986 46.391235883 0
21.89063554 46.432595243 0
19.5284301 46.391235883 0
18.74102658 46.473959723 0
16.41214594 47.494675244 0
15.7367821 47.794259244 0
13.56061826 48.393427245 0
13.16040193 48.767905325 0
10.36907009 50.676257327 0
10.99645825 54.347083571 0
11.19051009 54.685454131 0
11.98569217 56.018787892 0
13.64593026 61.919729978 0
13.48626434 62.256873018 0
12.69726209 63.381853499 0
11.05162625 65.00182534 0
9.64367617 67.166063423 0
9.68840961 67.420709183 0
9.42000001 67.523943743 0
7.39606657 67.685139263 0
6.85355649 68.509473344 0
6.93810433 68.594021184 0
6.96628609 68.643340864 0
6.96628609 68.770159424 0
6.34610049 69.392917825 0
5.28954241 69.638112065 0
5.17363201 69.642569025 0
4.96410369 69.642569025 0
4.47371777 69.589071425 0
3.74259841 69.219051584 0
2.28001024 69.790713665 0
1.73784192 70.280413505 0
1.12571648 70.945007426 0
0.18129408 71.049943106 0
-0.36087424 70.490284866 0
-1.07793408 69.615822145 0
-1.095424 69.388459585 0
-1.742528 69.353481025 0
-1.98737792 69.668285505 0
-2.07482368 69.913139265 0
-2.40712192 70.210457665 0
-2.59950336 70.262923585 0
-4.64575232 69.790713665 0
-4.99553792 69.755735105 0
-6.23727744 69.545861185 0
-7.51399552 69.493395265 0
-7.88127232 69.703265345 0
-8.02118528 70.105519425 0
-8.0386752 70.332881985 0
-7.98620544 70.560243266 0
-8.38846209 70.682667586 0
-8.45841793 70.752623426 0
-8.54586369 70.752623426 0
-8.94811777 70.525263426 0
-9.12301185 70.402839106 0
-10.46968577 69.668285505 0
-10.66206977 69.633309505 0
-11.51904641 69.335991105 0
-11.65895937 67.604551743 0
-11.69393793 66.922469182 0
-12.07870209 65.365921341 0
-12.84823169 64.43898758 0
-13.14555009 64.40400774 0
-13.53031169 64.29907334 0
-13.88009985 64.21162758 0
-17.50038401 64.6838375 0
-21.62785922 62.952396859 0
-21.96015362 62.952396859 0
-23.34180994 64.26409606 0
-24.51359362 64.92868998 0
-24.82840194 65.138560061 0
-25.05576194 65.156047421 0
-25.89524738 65.208517181 0
-26.22754434 65.121071421 0
-26.48988418 64.96366726 0
-26.62979842 64.5264359 0
-27.55672962 62.672569658 0
-28.46617602 62.025465658 0
-30.52991107 63.931797819 0
-30.75727363 64.1066919 0
-31.38688771 65.103581501 0
-32.45373571 66.922469182 0
-32.59364995 67.552083263 0
-33.17079555 68.304122944 0
-33.62551555 69.458417985 0
-33.83538947 70.210457665 0
-35.32198019 69.948115265 0
-35.54933763 70.053053505 0
-35.81168003 70.105519425 0
-36.63367811 69.930627905 0
-37.56060931 69.510885185 0
-38.10277763 69.668285505 0
-38.26018179 70.053053505 0
-38.28427779 70.223433025 0
-38.56345091 71.934101827 0
-38.41594627 72.389607747 0
-38.50981379 73.066167108 0
-38.61038339 73.414493508 0
-39.13335939 74.024067909 0
-39.67644803 74.124545349 0
-39.94464003 74.164737349 0
-40.65958532 76.146924871 0
-40.69812356 76.276871751 0
-40.73200132 77.691258952 0
-40.70791556 77.912647753 0
-40.65492484 78.066654793 0
-39.85526531 78.403550793 0
-39.62403971 78.437239113 0
-39.18085379 78.239918153 0
-39.51324163 77.821203272 0
-39.61440515 77.532436552 0
-39.40244739 77.311049032 0
-38.82685187 77.147115592 0
-38.44629123 77.469571912 0
-38.27768963 78.066355273 0
-38.33068035 78.446565193 0
-38.98100355 79.231049034 0
-39.74694403 79.235863114 0
-40.70306564 80.342511435 0
-41.20405764 80.799727435 0
-41.9863898 81.964322636 0
-42.16462724 82.407100237 0
-42.0201114 82.936505677 0
-42.13090692 84.062697038 0
-42.43607044 84.148892238 0
-43.0671258 84.428033359 0
-43.43805188 84.447283279 0
-44.10764548 84.841934159 0
-44.30515204 84.740865359 0
-46.07789188 85.024819279 0
-46.26576644 84.851557199 0
-46.2705818 83.913065038 0
-46.67971844 83.779603278 0
-47.6046234 83.765163598 0
-49.56523524 82.946991437 0
-50.71631748 82.709417037 0
-51.14505221 82.651663437 0
-51.24621445 82.531343437 0
-52.42643333 82.016375116 0
-56.14520965 83.910775118 0
-56.41979013 84.521999439 0
-56.48241541 84.613441359 0
-56.67991941 84.632693839 0
-58.28887557 83.896336718 0
-58.44302725 83.862647118 0
-58.60681093 83.597945678 0
-58.66943621 83.390995278 0
-58.89102725 83.275486798 0
-59.38715525 83.646981198 0
-60.89976581 83.343774798 0
-61.57899525 84.195637838 0
-61.60789765 84.272643918 0
-61.78613381 84.546970959 0
-62.1763303 85.341079119 0
-62.45091334 85.5624692 0
-62.68090118 85.6608116 0
-65.13287174 85.8533236 0
-65.41708806 85.102529359 0
-64.69450374 84.804135759 0
-64.68487046 84.524993359 0
-65.86027398 84.914828879 0
-66.05777926 85.5597428 0
-66.52986758 86.33941384 0
-67.23105926 86.552705361 0
-68.03579782 86.691431761 0
-68.54261638 86.906457681 0
-69.3410279 87.336509521 0
-69.54236934 87.502981201 0
-69.7020519 87.669451602 0
-70.12555782 88.439383122 0
-69.02420614 90.256459604 0
-69.66293766 90.735066964 0
-70.60714758 91.394017365 0
-70.78765958 91.879561046 0
-72.14843142 91.595171925 0
-73.56475015 91.324655445 0
-74.22430599 91.040265045 0
-74.54367367 91.026393685 0
-75.64668551 91.377665365 0
-76.00076551 91.828527445 0
-76.04936327 92.841227606 0
-76.03547783 94.367219288 0
-76.05788551 95.101619289 0
-76.72438791 95.864615769 0
-78.57809543 96.85650697 0
-79.50147591 97.12702345 0
-80.66785543 96.86344585 0
-81.57352583 96.31777289 0
-81.14552967 91.221955925 0
-81.25470343 90.867137365 0
-84.62260232 92.210153046 0
-85.66418184 91.906507606 0
-86.36168328 91.619239765 0
-86.98007944 93.062165847 0
-88.90398216 95.604463449 0
-89.12385544 95.508268889 0
-89.37121416 95.425813849 0
-89.65979784 94.986067288 0
-89.69857928 94.131361368 0
-88.53909384 90.735527764 0
-89.3999924 90.763273044 0
-92.07984776 91.282295125 0
-92.1573556 88.517821522 0
-92.23701 83.659979598 0
-92.23106184 81.388295756 0
-92.23106184 81.388129356 0
-92.231058 81.385583436 0
-92.23106184 69.132346944 0
-92.23105928 64.8079335 0
-92.23108744 64.80768902 0
-92.23103368 64.1830375 0
-92.23106184 52.942225969 0
-92.24682376 51.961519408 0
-93.29866376 52.446393649 0
-96.96980361 53.90751749 0
-106.76744714 51.917978928 0
-109.15476234 49.733150766 0
-111.52641802 48.957516846 0
-113.03409162 48.778949165 0
-115.55790347 49.210115886 0
-119.20841483 49.300969006 0
-121.00006923 46.241359403 0
-121.19045899 46.003559723 0
-121.44454155 45.353484842 0
-121.73055115 44.884033322 0
-121.75143947 44.613587242 0
-121.62431371 44.046247721 0
-121.78305291 43.612879401 0
-122.45167755 42.96394756 0
-122.75665931 42.418475559 0
-122.86235531 41.560069159 0
-122.14231563 39.872829477 0
-122.17501195 39.823841317 0
-123.67465995 39.985058597 0
-124.05281803 39.679477797 0
-124.52903819 38.918440996 0
-126.836059 37.047560994 0
-127.13414924 36.657925154 0
-127.75594636 36.180495394 0
-128.54594572 35.338323233 0
-128.6520654 35.138088993 0
-128.79945228 34.926073632 0
-129.67085964 33.533359391 0
-130.81928332 29.289341467 0
-130.74360972 28.797121307 0
-130.05608332 28.420407066 0
-128.97761036 26.967371545 0
-128.878075 26.845697305 0
-128.44849164 26.595001625 0
-128.20904588 26.442469145 0
-127.97955724 26.300197144 0
-127.75915404 26.149576984 0
-126.92394636 25.465992984 0
-126.61074444 25.025717783 0
-125.86833419 24.121995542 0
-125.47393035 23.577445142 0
-124.78274571 23.265423382 0
-123.21003147 23.618415382 0
-121.60197387 19.258937618 0
-121.38455947 17.464058896 0
-121.16841483 17.487891216 0
-120.90506123 17.647591696 0
-118.31854731 17.112122896 0
-115.5290497 14.663269134 0
-114.11822346 14.362653453 0
-113.98654602 14.306287373 0
-113.61032586 14.193559053 0
-113.05024394 14.147372813 0
-111.48892938 14.372833293 0
-111.16914186 14.457381133 0
-111.1127489 14.497139213 0
-110.02166922 15.274677774 0
-108.47892362 16.085103375 0
-106.85117834 17.034679056 0
-106.79355914 17.207329296 0
-106.6927233 17.279265296 0
-104.61842697 15.926839055 0
-102.78118409 15.823235855 0
-98.04614537 20.503443219 0
-97.73150601 20.862600979 0
-96.57037961 22.277891861 0
-96.21855881 23.699560982 0
-95.67551241 23.828705302 0
-94.18321161 24.340503063 0
-93.1853492 25.175546903 0
-90.59089928 27.267240985 0
-89.01168136 28.607311387 0
-88.6221428 28.793661467 0
-88.39438984 28.875402267 0
-87.74903176 28.653267227 0
-84.12691208 27.750059546 0
-83.58823816 27.673437466 0
-82.28193799 26.909388825 0
-81.65211655 26.596673305 0
-81.18464775 26.426073625 0
-79.25185159 25.941212184 0
-77.63720327 25.797281304 0
-77.27761159 26.048693784 0
-76.92701191 26.515598105 0
-74.91936007 26.614501145 0
-74.03079815 26.430387225 0
-73.83928967 26.505519385 0
-73.78807559 26.538133785 0
-73.69817735 27.022995225 0
-73.65322759 27.570711066 0
-73.37456903 28.287934746 0
-72.08401414 29.167331867 0
-72.05708038 29.495836187 0
-71.78196102 29.487215387 0
-71.7625895 29.502435867 0
-71.65279366 29.621381148 0
-70.82285958 28.979319067 0
-70.01549318 28.679441947 0
-69.86031238 28.673149467 0
-69.60447238 28.668954907 0
-66.60149382 28.524258587 0
-65.7878375 28.903824667 0
-65.0559655 29.763617308 0
-64.77705734 30.367567388 0
-64.5112999 30.977601309 0
-64.44828038 31.121870109 0
-63.9948583 30.908605469 0
-63.88174342 30.661319709 0
-62.32284934 29.297287707 0
-62.03305606 28.837614107 0
-59.98950533 29.362241307 0
-59.90626181 29.598101788 0
-56.60857605 28.925013787 0
-55.90605957 28.877859867 0
-55.08605957 27.474759706 0
-54.16006021 26.712359705 0
-53.72105989 26.464957465 0
-49.78851204 25.680199704 0
-48.8001818 22.998325781 0
-48.97505796 22.194859541 0
-46.97761156 20.210055699 0
-44.86122372 18.050383377 0
-43.15585924 16.654159375 0
-41.76512004 16.172043535 0
-40.12105987 15.104957454 0
-39.89118979 15.066385934 0
-36.25660803 15.295235854 0
-33.93336963 14.780721934 0
-33.32872835 13.264953612 0
-32.59449731 12.016983051 0
-32.45203587 11.688569611 0
-32.47395203 11.04268929 0
-30.92105987 10.49495937 0
-30.85105923 10.029959689 0
-22.32690562 5.629143045 0
-20.91323778 5.508725765 0
-19.31458946 4.052135684 0
-14.12105985 0.47495936 0
-12.09416193 -0.27550464 0
-11.72156545 -0.614864641 0
-10.14352001 0.56742144 0
-8.45105921 0.19495936 0
-7.0398592 0.30955776 0
-4.6310592 0.38495744 0
-0.7710592 -0.990040321 0
