------------------------------
573.17460122 293.192798977 0
------------------------------
0.28452992 -0.06304384 0
1.2140736 0.46476032 0
2.0654016 0.987200001 0
1.98198784 1.281603841 0
1.62545152 1.745816321 0
2.09022336 1.580482561 0
2.24939136 1.535966721 0
2.78594945 1.721678081 0
4.30759809 2.599232002 0
4.61320193 3.006214403 0
5.00793985 3.063445763 0
5.21170177 3.047700483 0
6.89500545 4.809716484 0
7.76889729 5.512990725 0
8.48197121 5.716480005 0
8.73027329 5.716480005 0
8.90854145 5.741916165 0
10.06428417 6.279729926 0
9.54857985 7.564262407 0
9.42093185 8.223900167 0
9.77110145 9.012423688 0
9.76473601 9.451200009 0
9.82540161 10.177198089 0
10.52869761 10.74652417 0
10.75789697 11.03268353 0
10.99346817 11.15986561 0
12.07356161 13.355672332 0
12.10539393 13.800810253 0
13.26299906 15.589799694 0
14.7987853 16.268647695 0
13.88197762 17.438717456 0
13.41083778 17.718517776 0
12.91292545 17.735683856 0
12.30171905 18.002766096 0
11.91971713 18.683185937 0
12.25078785 19.115601938 0
12.81742593 19.223708178 0
13.17396353 19.300017938 0
12.48666753 21.4424141 0
12.06646401 21.61411074 0
11.46162561 21.91934594 0
11.46627713 23.163704341 0
10.94540161 24.127200022 0
11.64316801 24.572366103 0
12.08360193 26.139939864 0
12.12180225 26.324352024 0
12.12180225 26.445176344 0
12.10138753 26.586752024 0
11.96408961 27.639829785 0
11.95804929 27.802644506 0
13.14837377 28.294531866 0
13.3234573 28.433223706 0
14.34981762 29.554830107 0
14.84488194 29.850307868 0
15.06444162 29.841884188 0
15.6634701 29.476422427 0
15.77006594 28.697731866 0
18.47238786 27.689876505 0
19.0985357 27.966494746 0
19.35140354 28.603918106 0
19.68856194 29.950926108 0
19.7969357 30.215518748 0
20.79723394 30.835512348 0
21.38639234 30.480110108 0
21.67538306 29.902819868 0
22.03662338 29.301475867 0
22.68813186 26.907097625 0
22.6468685 26.769501465 0
27.00540035 21.91719938 0
27.05889411 20.740706579 0
27.70806659 20.277528339 0
31.38540035 18.477199377 0
35.2747994 22.499299861 0
40.28899972 24.504999703 0
42.87110148 24.315036182 0
43.08236804 24.322122262 0
44.40320772 22.846264341 0
45.01031812 22.942731541 0
46.90080005 23.955299862 0
47.09380741 24.210617622 0
47.36976773 24.775653143 0
47.75611013 25.561190424 0
48.29422981 25.919508504 0
51.14172805 26.190584344 0
51.48667525 26.080334104 0
53.39079429 26.438649624 0
53.76333701 26.328398104 0
54.18524165 26.158169624 0
56.72406534 23.539710742 0
57.49674886 23.140049941 0
59.50609542 23.662044182 0
60.09940742 23.289948181 0
60.36157062 23.234823701 0
62.73481734 24.874805783 0
63.65927942 25.343372823 0
64.29398534 25.853282584 0
65.60525958 27.129926425 0
65.91646598 27.739239706 0
65.95521158 28.242318106 0
66.93866118 29.828404507 0
67.29679111 29.942218268 0
67.87468167 30.161713948 0
67.82584583 30.690132508 0
68.62057095 31.780769309 0
68.69853959 32.18743427 0
68.58592135 32.44701059 0
68.32603399 32.48162051 0
68.12678919 32.61140611 0
67.67632007 33.355518751 0
67.74650375 34.708753952 0
67.74650375 35.046200352 0
68.00586759 36.072665633 0
68.12714759 36.392807714 0
68.10140039 36.458499874 0
68.02806407 36.681553954 0
67.92906375 37.670443555 0
67.81356551 37.868222755 0
67.13707655 37.728128035 0
64.66819974 38.851599396 0
64.52806918 39.535832357 0
64.96151558 40.910371878 0
65.0915495 41.743756839 0
65.0469991 41.925400359 0
63.8112743 44.012643881 0
63.72540038 44.167200041 0
63.02207238 45.550649642 0
62.77539974 48.537199405 0
64.0374695 49.466656046 0
65.50035334 48.795622445 0
65.81379974 48.835800365 0
68.03539975 49.727200046 0
69.18360071 49.604299566 0
69.64680583 50.075577646 0
70.02606983 49.545244206 0
71.25627015 49.069212205 0
73.64022791 48.463115565 0
73.81259911 48.498800685 0
75.67742727 49.242384686 0
75.70168967 50.632224047 0
75.50650375 52.467014449 0
75.66904583 54.545058611 0
75.69071751 54.772345651 0
74.11593607 56.636430132 0
73.07220743 56.752398133 0
72.49235975 57.448220213 0
72.21692935 57.680160053 0
71.76754567 57.854112054 0
70.95575815 57.839618614 0
69.01326215 59.231256375 0
68.96977543 59.419708215 0
68.33193991 60.318474296 0
68.33193991 60.434442296 0
68.40441991 60.492426296 0
68.67984775 60.898324536 0
66.86781958 61.695616057 0
66.79533958 61.608637497 0
66.46192774 61.565150777 0
66.31461382 56.569870132 0
65.20211206 55.179243571 0
58.14467974 49.964391726 0
55.60678405 49.373376046 0
50.80912133 52.397990449 0
53.17318789 56.743700533 0
51.89698949 56.263669812 0
51.60325893 56.107626292 0
51.30034949 55.942403892 0
51.11676805 55.979118132 0
51.06169349 56.015836212 0
49.49207173 57.053070133 0
49.40028165 57.080608053 0
49.23505797 57.080608053 0
48.80364165 57.291726133 0
48.61088133 57.227473973 0
48.49155333 57.172398133 0
47.72968709 57.346801973 0
47.29826949 57.456952373 0
47.21565701 57.438592053 0
45.85715333 56.575758132 0
45.49916933 56.447252532 0
45.39819908 56.438073652 0
45.35230596 56.373820212 0
45.306409 56.245312052 0
44.88417156 55.602776371 0
44.61797764 55.446732851 0
43.73678596 55.639491892 0
43.5991002 55.639491892 0
43.58992132 55.465088051 0
44.04887556 55.052032051 0
43.94790532 54.42785413 0
43.21357956 53.454872369 0
42.1304474 53.50076805 0
41.73574788 53.78531845 0
40.99224196 54.18919813 0
39.87239428 54.978599731 0
39.45015556 55.208076851 0
38.97284356 55.547700531 0
35.57658372 57.677248053 0
34.53934723 58.604334134 0
33.96106371 59.145902135 0
33.83255811 59.246872375 0
33.11659011 59.916945976 0
31.79480195 61.174480697 0
29.82129923 62.927683898 0
29.01353987 63.827234619 0
28.50868995 65.479467581 0
28.55458563 65.562080061 0
28.23331715 66.103645501 0
28.33428739 66.525884222 0
28.44443523 66.608496702 0
28.90338947 66.938941502 0
29.02271747 66.984835902 0
29.19712131 67.012376382 0
29.20630019 67.049091902 0
29.55510531 67.278567742 0
29.60100355 67.388718142 0
29.59182211 67.581475903 0
29.63771779 67.673269823 0
29.60100355 67.847672383 0
29.63771779 67.967000383 0
29.99570179 68.251552063 0
30.43629955 68.334164543 0
30.73920771 68.783938624 0
30.70249347 69.059310144 0
30.81264003 69.637592385 0
30.73002755 69.711025985 0
30.43629955 69.931324225 0
30.33532803 69.931324225 0
30.27107331 69.968039745 0
30.27107331 70.023114305 0
30.42711811 70.087367745 0
30.85853571 70.197514305 0
30.61987971 71.152142146 0
30.69331203 71.381617986 0
30.50088195 72.636913987 0
30.49438595 72.641070147 0
30.09633411 76.171928391 0
30.04769923 76.503057991 0
25.67451779 84.616309839 0
18.58946946 76.618800711 0
18.30324354 76.280551751 0
18.09336578 76.016668231 0
17.03676802 74.686140229 0
16.73697538 74.293474629 0
15.99548162 74.068092229 0
11.91535617 72.019473987 0
12.23323521 71.401372226 0
12.25089537 67.021681982 0
11.72228353 66.700501822 0
11.39330433 66.581888062 0
10.79993601 67.549137983 0
10.60171137 67.788814143 0
10.45128577 67.892017983 0
10.03584513 68.407765823 0
9.88858369 68.580952384 0
9.39063553 68.763075904 0
8.54228737 68.681726784 0
6.29097985 66.439362622 0
6.18992513 66.398232382 0
5.88033153 66.370961982 0
5.20213377 66.346449981 0
4.53316737 66.201286461 0
4.34323201 66.196140861 0
3.64134785 66.019060541 0
1.57526784 67.844586303 0
-0.67413632 70.427367745 0
-0.68325248 71.023289666 0
-0.6162944 71.217301826 0
-0.66085632 71.280608066 0
-0.7942848 71.325638466 0
-0.90399232 71.313286466 0
-0.96767488 71.506140226 0
-1.04134784 71.688935746 0
-1.13759232 71.739616067 0
-2.468416 71.068999746 0
-2.63356288 71.180024386 0
-3.0011584 71.433820226 0
-3.14989824 71.526016066 0
-3.18517632 71.581660226 0
-3.9125504 71.805109827 0
-4.14604032 71.998726467 0
-4.2356224 72.008871747 0
-4.50393088 72.117770307 0
-4.54081664 72.163136067 0
-5.25582848 72.807188548 0
-3.27418624 72.320750147 0
-3.02677248 72.392426307 0
-1.8956288 73.729926468 0
-1.74611584 73.937368389 0
-1.5650368 74.121212229 0
-1.30240384 74.386609989 0
-1.25978496 74.412633669 0
8.03549569 82.022982476 0
8.60580609 82.717123917 0
10.57584769 85.406566479 0
14.0369357 90.802595924 0
6.48193537 91.080224085 0
4.49041409 90.832594004 0
3.59251201 90.677504084 0
3.38505601 90.788600404 0
2.44292992 91.425150805 0
1.82612736 90.676779604 0
1.63133184 90.492604244 0
-1.28710016 87.015182161 0
-4.98721408 82.614396237 0
-6.5938944 80.697387595 0
-15.53765889 88.204732242 0
-19.18698882 91.274752085 0
-19.1894669 91.271238485 0
-23.59794818 86.08127624 0
-24.37060226 86.66203784 0
-24.3951245 86.67701384 0
-24.15919234 87.882398802 0
-23.55165442 90.730649684 0
-23.54982658 90.739671124 0
-22.21929986 92.340846166 0
-20.4124365 94.492171608 0
-21.12494594 95.098905688 0
-27.3218381 100.254482013 0
-28.44589058 101.214339934 0
-28.53405314 101.232224094 0
-28.58509186 101.220195934 0
-28.6101581 101.208199774 0
-28.64316802 101.185938014 0
-28.71804802 101.105966174 0
-29.13791234 100.614411613 0
-29.51619458 100.135420253 0
-29.78148227 99.786616413 0
-30.55101443 99.233703772 0
-33.65558019 100.309345373 0
-35.12731395 101.798542175 0
-35.18468611 101.855009375 0
-35.26735491 101.936775775 0
-36.36180227 103.046851936 0
-36.47419395 103.159968096 0
-37.13126787 103.819978336 0
-37.16768003 103.853587296 0
-37.33012483 104.004129377 0
-37.41517571 104.078026337 0
-38.67566979 105.680323938 0
-39.21295619 106.669597539 0
-39.46604803 107.109674339 0
-40.26190979 108.520540261 0
-40.84281092 109.541752422 0
-40.9834138 109.738972262 0
-41.27212036 110.069774182 0
-41.32903428 110.119634022 0
-41.58926212 110.334528102 0
-41.74448004 110.435971943 0
-41.84543492 110.497184103 0
-43.41271044 113.208430185 0
-43.57389828 113.462296425 0
-43.7102042 113.610464106 0
-43.84174212 113.719586666 0
-46.26241412 115.405822827 0
-46.52799876 115.469162347 0
-46.80697604 115.445802347 0
-47.9100442 115.146432107 0
-48.02104836 115.061076587 0
-48.07097988 115.007790187 0
-48.13592452 114.908210027 0
-48.7176666 113.984227946 0
-48.73099652 113.958800746 0
-48.7312026 113.945276266 0
-48.72721028 113.929998186 0
-48.72693636 113.928622186 0
-48.7151322 113.906873706 0
-47.35390852 110.987686503 0
-47.81070212 110.659480423 0
-47.97369988 110.400899943 0
-48.00659844 110.306900582 0
-48.05260036 110.167299942 0
-48.3255002 109.769099622 0
-48.6855002 109.239200101 0
-49.27160068 108.783499621 0
-49.69550084 108.03260042 0
-49.74050052 107.56779786 0
-51.40260101 107.17369994 0
-51.74960005 107.019698019 0
-52.54260101 106.764298339 0
-53.08260101 106.146599779 0
-53.69260037 104.594400097 0
-54.22960005 104.601500257 0
-54.69369989 103.607900256 0
-55.03959813 103.065899616 0
-55.35049861 102.833397855 0
-56.48659845 102.012398175 0
-61.08550021 103.222599776 0
-62.0076007 102.553200735 0
-62.6516007 101.925899615 0
-63.18960006 101.661198174 0
-63.34584582 101.678709854 0
-63.8850023 101.914374495 0
-64.54771846 102.026595935 0
-66.50217222 101.779710814 0
-67.05788422 101.742154334 0
-67.74131974 101.238542174 0
-68.28899078 101.264860254 0
-71.71438854 101.643548254 0
-73.04960007 101.653098334 0
-73.34460039 101.370100574 0
-73.71419271 100.164426333 0
-73.77055623 100.150332253 0
-74.67944071 100.256018013 0
-75.51183879 100.887448414 0
-75.72862855 100.952830814 0
-76.23104007 100.615594333 0
-76.13468807 100.381596253 0
-76.23901063 99.995676253 0
-76.25513095 99.892949853 0
-76.15432071 98.419050331 0
-73.24627847 95.854094169 0
-74.75303047 87.157694801 0
-75.89854599 84.342827598 0
-75.68456199 83.347420237 0
-75.58376199 83.165287757 0
-72.78313863 81.240145995 0
-72.3829223 80.865667915 0
-71.95769606 80.541118795 0
-70.20675846 80.266499914 0
-68.61154822 79.318464074 0
-63.5970407 78.863476553 0
-62.3952167 77.953500232 0
-59.66003077 75.59583367 0
-58.94455429 75.08496775 0
-58.82380421 74.928294469 0
-58.90350213 73.720536388 0
-59.01661573 73.297003588 0
-59.73335429 71.925361987 0
-59.76323845 71.791310147 0
-59.80322437 71.248540226 0
-59.64741637 70.220320065 0
-58.79682565 70.054480705 0
-57.52655493 69.205955904 0
-55.06908037 67.756441663 0
-53.80690053 67.166516542 0
-53.74217221 66.875594302 0
-52.82481797 64.78402438 0
-52.59493509 64.3505063 0
-51.47030021 62.314051898 0
-50.97579652 61.598172217 0
-49.19160836 60.209145656 0
-49.1349722 60.112171576 0
-49.11255044 59.384568375 0
-48.79700612 57.744088373 0
-48.31092228 56.776739893 0
-47.54200068 55.573098291 0
-47.57475204 55.172746291 0
-47.51002244 54.51009029 0
-46.54398212 51.223878447 0
-46.3346458 50.781127727 0
-45.21810052 49.706332206 0
-45.02392068 49.617440046 0
-44.90460036 49.497198126 0
-44.88637444 49.326516526 0
-44.81355652 48.776995885 0
-44.68460036 48.477198125 0
-43.15192196 47.721109804 0
-42.30027012 46.214289963 0
-42.30098308 45.224268842 0
-42.87724804 42.519921959 0
-43.25751812 41.921916199 0
-43.63459972 41.587200038 0
-42.93271428 39.952678437 0
-41.20600452 38.268071715 0
-40.67840004 37.395900195 0
-37.98051587 34.594940192 0
-36.90442627 33.447413791 0
-34.66324611 32.80900227 0
-34.08070275 32.72818819 0
-33.84606595 32.67162243 0
-33.73459971 32.59719811 0
-33.48463235 32.35938435 0
-32.27099651 30.767392028 0
-31.83469827 30.460800028 0
-30.31829251 29.471120667 0
-29.76002051 29.301414427 0
-29.17747586 28.962008347 0
-27.7183565 28.069218586 0
-26.76066818 28.054644506 0
-25.3123981 28.151619866 0
-24.67321858 28.127377946 0
-21.63440898 28.611870746 0
-19.84860034 29.001898267 0
-19.30297218 29.097556507 0
-18.23692417 29.450172187 0
-18.01540993 29.498570267 0
-17.04809601 29.823769627 0
-16.24510081 29.201504027 0
-15.24827777 28.171310106 0
-14.53459841 28.527200026 0
-13.75304193 28.178222106 0
-12.78460033 26.557198104 0
-11.22762241 25.834342424 0
-11.26582017 25.618133784 0
-11.54595841 25.064892183 0
-11.70512641 24.301804822 0
-11.19344257 23.973137942 0
-10.95787393 23.477130262 0
-10.17709825 21.64249986 0
-10.24497409 21.3852301 0
-10.70955393 18.989048337 0
-11.89990017 17.987200016 0
-13.82104449 16.453844495 0
-17.48672641 13.222368012 0
-17.74139649 13.031595532 0
-17.88920065 12.858200332 0
-17.59480833 10.63773185 0
-17.53114241 9.575764489 0
-17.74130817 8.484541448 0
-18.09167233 6.857777926 0
-18.04073857 6.546183686 0
-18.49310081 5.453500165 0
-17.44155265 5.230606085 0
-17.45459841 4.157198084 0
-17.30148225 3.952430083 0
-17.09138049 3.659914243 0
-16.84868609 1.786524161 0
-16.56142209 0.56775808 0
-16.04542849 -0.663850241 0
-16.01996033 -1.166218241 0
-16.00086017 -1.439658242 0
-15.61798401 -2.003470082 0
-15.12774657 -2.893742083 0
-14.45287041 -3.230773763 0
-12.13277825 -4.850112005 0
-9.23032065 -6.919097607 0
-6.422592 -8.477073928 0
-6.32072448 -8.636049928 0
-6.15490048 -8.705902088 0
-3.22143232 -6.887648007 0
-1.64033664 -5.682649606 0
-0.69055616 -1.810521602 0
-0.06661888 -0.22075136 0
