------------------------------
181.633615258 49.79721731 0
------------------------------
0.06997632 0.4264576 0
-1.534476801 1.849290242 0
-1.818352642 1.749369602 0
-2.071480322 1.926091522 0
0.28582016 3.334585603 0
0.784775681 3.645806083 0
0.994373121 3.567879683 0
0.994547201 4.595360004 0
1.028875521 5.074963205 0
2.977611523 5.160285445 0
3.014163203 4.980281605 0
3.282647043 4.768096004 0
3.528622083 4.885643525 0
3.488855043 5.162031365 0
3.464463363 5.402972165 0
3.919395844 6.231584006 0
4.350137604 6.573021446 0
4.940840965 6.382233606 0
5.120441605 6.273753606 0
5.245209605 6.083901446 0
5.619676165 5.844171525 0
6.496409606 5.804043525 0
7.510234887 5.612167685 0
7.758713607 5.382151685 0
7.920984327 4.530279684 0
8.379769608 3.770753284 0
8.633422088 3.520462083 0
10.47146753 3.587645443 0
9.639043849 4.120097284 0
8.801639688 4.644925444 0
8.707968008 5.063211525 0
8.473603848 5.432806405 0
7.821802247 6.064817926 0
6.755985926 7.182521607 0
6.339548166 7.655509767 0
5.843307525 8.019137287 0
5.542205445 8.213455368 0
5.348163845 8.580655368 0
5.363022085 9.316433929 0
3.977466884 9.717614089 0
3.026261763 7.502097927 0
1.569219841 6.637067526 0
0.42945792 6.828515846 0
0.609667841 8.036743688 0
1.293569281 9.246688009 0
1.485635841 9.156011529 0
1.811046402 9.083553288 0
2.084243202 11.02022145 0
3.305735683 11.01932545 0
3.277379843 11.460668171 0
1.555950081 13.040391692 0
2.447957762 15.080651534 0
3.017169923 15.077525774 0
5.296782085 14.329313293 0
5.425459205 14.646867214 0
5.105811205 15.320619534 0
5.341835525 15.770469135 0
5.585067525 15.918451215 0
6.040053766 15.689144335 0
6.251651846 15.332156174 0
6.552925446 15.114999054 0
6.490487046 15.391324174 0
7.210467847 16.137126415 0
7.526780167 15.930176015 0
7.740679687 16.303841295 0
6.396115206 18.361809937 0
6.935655686 18.982693138 0
7.194766087 19.024165138 0
9.577139209 16.241633295 0
9.664879369 15.597533455 0
9.729792009 15.326301454 0
9.875649289 15.357241614 0
10.041550089 15.400945934 0
10.122624009 17.438428176 0
11.24185729 16.947549456 0
11.481024011 17.661259536 0
12.437843212 18.042542097 0
12.688672012 17.835365137 0
14.422423053 16.643851536 0
12.471705612 18.588116497 0
12.182048011 19.292409618 0
14.069829133 19.448550418 0
14.644035854 19.450519058 0
14.598033934 19.544235538 0
13.420284172 20.116096019 0
13.672416013 20.779114259 0
13.816997133 22.037958421 0
14.856505614 22.127777301 0
15.678993935 22.277735701 0
15.888241935 22.248011541 0
16.159525135 22.347878421 0
16.974309136 23.218315542 0
18.059427857 23.270241302 0
21.162489622 22.187424021 0
21.102435862 21.43119106 0
21.930869782 22.154529301 0
22.152586262 22.142607381 0
23.384221462 23.184454422 0
23.629533462 23.043221781 0
23.645006102 22.292330261 0
23.437621782 21.71064322 0
23.667749142 20.879299859 0
23.831175702 20.567814419 0
24.146309142 20.523224339 0
24.000001302 20.90580738 0
23.791251222 21.2171405 0
23.779589142 21.78792962 0
23.969415702 22.359395861 0
24.047979542 22.991379221 0
24.146900502 23.245414422 0
23.710735382 23.659989782 0
23.041167382 23.609500182 0
21.974193942 23.486606102 0
21.904924182 24.014059542 0
22.612433942 24.391960343 0
23.228270102 24.909073943 0
23.734081302 24.616517143 0
23.977884182 24.335746583 0
24.541116182 23.761777942 0
25.049373462 23.479374102 0
26.528131862 21.67302786 0
28.301795862 19.834705939 0
28.843576342 19.793429778 0
28.925180182 20.004281619 0
29.123641632 20.423567379 0
29.985180192 20.746169619 0
30.258452512 20.569521939 0
31.811118112 18.994289938 0
31.956839712 18.692892177 0
32.423787552 18.199773457 0
32.527560992 18.479200017 0
32.677195552 18.685204497 0
33.587403552 19.243928338 0
34.134699552 19.486813458 0
34.547959072 19.455247378 0
36.536344352 18.929291538 0
37.718822432 19.100779538 0
39.652875552 20.178013459 0
39.710177312 20.264469779 0
41.845491242 20.319979539 0
42.957080362 20.544504339 0
43.793889322 21.15371394 0
44.778103082 21.9283213 0
44.712279082 21.97630594 0
44.453803562 21.8460365 0
44.185464362 21.68782338 0
43.559292202 21.55628546 0
43.366749482 21.36282114 0
43.143121962 21.29101442 0
42.451379242 21.17194754 0
41.976823082 20.9698957 0
39.396582432 20.796157459 0
37.432803872 19.650329618 0
35.576143392 20.420285459 0
34.788430112 20.689053459 0
31.845468192 20.171575059 0
28.748750102 21.42438914 0
28.441813782 22.080424981 0
28.681649942 22.350161941 0
29.051194912 22.445301781 0
30.037409312 22.590752021 0
30.172939552 22.657167381 0
28.166257942 22.574187541 0
27.897125142 22.174959381 0
27.390243862 22.267097621 0
27.200883222 24.435571223 0
27.592035862 25.378137624 0
28.326869782 26.159517464 0
29.096344352 26.677159705 0
29.411463712 26.635107865 0
29.684501792 26.841533465 0
31.010585632 27.005907225 0
31.975598112 27.298429465 0
31.526553632 28.103659546 0
29.903761952 28.222415386 0
29.497163552 28.378319386 0
28.744028182 28.390959386 0
28.634382102 28.228213786 0
29.396997152 27.246472985 0
27.980163862 26.391729945 0
27.307637782 26.052010264 0
27.168192022 25.480704024 0
26.392762902 24.739787543 0
25.838502422 24.415692823 0
21.949879062 25.117812503 0
21.045103382 24.153185303 0
20.843109142 23.873423382 0
20.340125462 23.772768022 0
19.850069782 23.976583702 0
17.581077776 24.648729623 0
17.115338256 24.621757463 0
16.891708176 24.549958423 0
14.950897934 24.413923863 0
14.615918094 24.065217302 0
14.434019853 23.793127702 0
13.183485452 22.578702101 0
12.866414092 21.13914754 0
12.923043852 20.96935554 0
12.713479692 20.692113939 0
12.057514251 21.20233346 0
10.68250625 21.5375885 0
10.74529921 21.91073538 0
11.08765953 22.634955541 0
10.76448001 23.448221462 0
11.10433409 24.519996183 0
11.25374849 26.159403544 0
11.317639691 26.730439705 0
11.652509451 27.094376985 0
11.829902091 27.292871705 0
12.005194251 27.783111706 0
13.009027852 30.034327068 0
14.220462093 30.380965148 0
14.724701454 30.306585628 0
18.703420182 31.086379549 0
19.010990102 31.394414109 0
19.160769302 31.580125469 0
19.272423702 31.81390339 0
19.446314262 32.14938371 0
19.605775382 32.38840579 0
19.696718102 32.70076931 0
19.821314582 33.069521951 0
16.893507856 33.732001311 0
6.405637126 36.876561954 0
2.755095043 43.733977641 0
2.363089922 44.476473641 0
1.163027201 45.045391402 0
-0.20593152 43.489756201 0
1.652390402 41.827389479 0
1.478585601 41.864968999 0
-0.0192563200002 42.120797479 0
-0.36594048 41.747444519 0
-2.673681922 44.225451561 0
-4.613287684 49.976681007 0
-6.458814726 51.417263408 0
-7.863660807 53.22652933 0
-7.076094727 54.759087411 0
-8.246798088 59.101331255 0
-8.289368328 62.911435579 0
-8.693794568 63.422289979 0
-10.26892033 65.827552061 0
-11.943594251 69.739255105 0
-23.554736662 74.80849159 0
-32.940286751 78.529774153 0
-29.875784988 95.920486489 0
-29.263312667 96.21060361 0
-29.245018907 97.549715291 0
-29.727910428 98.341600092 0
-28.464035867 99.119367772 0
-28.135914266 98.584651612 0
-26.652244505 100.691321694 0
-25.717418264 102.174150495 0
-24.872355863 104.079495777 0
-9.854716169 130.379543161 0
-16.360176655 145.576285576 0
-15.660701455 147.364221577 0
-15.130104334 150.79374606 0
-13.565606413 160.215973269 0
-16.616652815 160.55051791 0
-13.090252812 175.056087203 0
-16.654938896 175.237308323 0
-16.394636815 177.272690085 0
-14.371004173 180.925547689 0
-15.067303694 190.797600178 0
-14.640386574 191.966219699 0
-14.522462734 192.417255859 0
-6.052677126 188.771044016 0
4.458496004 183.948757931 0
11.295093771 186.858405294 0
10.42868737 185.219157933 0
9.661121289 183.662629291 0
7.363011847 182.28120593 0
7.761050887 180.480782248 0
12.181862411 173.710793122 0
14.497323533 171.147439519 0
18.539097622 171.30471952 0
25.186393622 167.081984156 0
43.706707242 172.02593424 0
48.572655402 172.11213968 0
46.614795562 168.572771997 0
60.361984052 159.140987028 0
65.663886142 158.042726547 0
68.011079742 160.81185167 0
72.378745672 163.226898072 0
74.149991752 164.180729753 0
76.147563592 164.652619673 0
80.612401992 166.166241435 0
82.489577032 165.513829274 0
84.380302162 165.548019354 0
86.114240082 164.501404313 0
86.328175442 168.210670237 0
84.954373202 171.56483344 0
84.615393362 172.736249761 0
83.520217682 178.642849446 0
82.705845842 179.243677607 0
88.545537362 180.155215528 0
87.104131922 182.77374737 0
82.824064082 189.113285296 0
82.808576082 191.839479219 0
83.485921362 193.51409426 0
82.615745352 198.299607225 0
79.070537032 200.995637947 0
76.445880392 205.933116352 0
79.871919432 224.210471889 0
78.011383112 229.073011413 0
76.791352392 230.604847575 0
74.185198152 232.931649497 0
74.153948232 232.856891097 0
69.681984062 232.134953176 0
68.624093502 232.197988056 0
67.856385342 232.082779096 0
67.423175742 231.406169816 0
67.036385342 230.867282135 0
66.462297662 230.948409815 0
65.957221182 231.088559575 0
64.161400382 232.083630296 0
62.856622142 233.036655577 0
62.028861502 234.255965658 0
58.129359412 232.724745177 0
57.471385652 232.482779097 0
57.278865972 231.948701656 0
56.708171572 230.972338135 0
56.061527092 230.949267415 0
55.207033652 231.479879896 0
51.211697972 232.448821977 0
49.502711082 233.348553177 0
49.368430122 233.792971738 0
49.133980202 233.876391898 0
48.881387562 233.996882138 0
48.556073002 234.214962138 0
47.996715562 234.830748379 0
46.933393962 236.763343581 0
44.647307562 238.293679582 0
43.734065962 238.567361502 0
43.859637802 239.502446303 0
43.802789162 240.820839904 0
42.763549482 244.809359588 0
42.364005162 246.052335589 0
41.970685482 246.345060069 0
41.457529642 246.47890711 0
38.626483232 247.744693991 0
36.632448032 252.055300075 0
34.473405472 253.545989356 0
34.252491552 253.963470317 0
34.296459552 254.425141997 0
35.083927072 256.183767279 0
34.770429472 257.26895384 0
34.410539552 257.93731736 0
34.311077152 258.456146161 0
34.647086112 259.425789682 0
34.720037152 259.967664882 0
32.886353952 279.40225818 0
32.943485472 279.764080901 0
30.499443232 282.867845383 0
30.473728032 282.936324104 0
30.116010272 283.724576264 0
29.914483232 284.115771145 0
29.347489312 284.978400265 0
29.412331552 284.993017865 0
29.547001632 285.023378185 0
29.530279712 285.153287946 0
29.359937312 285.878777866 0
28.976903702 286.745284107 0
28.662859542 287.522468108 0
28.515143702 287.958479628 0
28.493825302 288.311794189 0
28.561793302 288.624111629 0
28.574881302 288.684254989 0
29.532029472 290.907425551 0
29.744089632 291.341271311 0
30.546539552 293.235969553 0
30.684453152 293.709679634 0
30.854671392 294.090240274 0
30.918312992 294.230775314 0
31.103107872 294.669769234 0
31.114049312 294.697515794 0
31.129199392 294.822375955 0
31.155473952 295.603120915 0
33.068555552 297.120768277 0
33.303443232 297.433043477 0
33.446385952 298.312781078 0
30.702535712 298.588306198 0
29.457455392 299.042300439 0
29.230977312 299.544267799 0
29.457437472 300.070995479 0
29.109664032 301.03120796 0
29.131875872 301.180984601 0
29.146385952 301.700839961 0
29.068641312 302.906710042 0
29.188957472 303.451100443 0
29.216327712 303.795591963 0
29.188957472 304.455035164 0
29.436668192 304.957003804 0
29.920864032 305.634739485 0
30.109603872 305.756377885 0
30.283047712 305.830379805 0
30.642763552 305.967027485 0
32.624445472 306.327595805 0
32.649555232 306.410567965 0
32.716451872 306.631606046 0
32.822611232 307.140642846 0
34.276386592 309.352781088 0
34.252121632 309.668491808 0
33.798415392 310.96721949 0
33.706268192 311.18567965 0
32.113021472 314.599935013 0
31.427855392 316.461124135 0
30.582958112 317.366921256 0
29.818595872 317.844114216 0
29.028349472 318.316848936 0
27.394937622 319.322297897 0
26.918673942 319.526914858 0
26.385963542 319.957317418 0
25.899112982 320.412416298 0
25.438376982 320.865409579 0
23.364295702 322.910547501 0
23.031104022 323.221159981 0
22.335413782 323.869700142 0
20.382521622 325.694693423 0
20.136145942 325.961321264 0
19.992572182 328.653536306 0
19.961137942 333.851606071 0
19.907285782 335.490781752 0
18.054158097 337.050345274 0
16.545643535 338.171360315 0
13.656655373 340.000391997 0
12.593333772 341.424641598 0
12.458571532 341.454827838 0
11.796725771 341.951999038 0
11.449301771 342.246905919 0
10.63806721 342.981046079 0
7.261653767 345.929829442 0
6.105158406 346.820393283 0
4.676679684 347.884691524 0
0.896148481 350.739780167 0
-3.849204484 353.634250569 0
-11.674133771 353.80080929 0
-20.720124179 355.166241611 0
-26.105931544 344.998777921 0
-28.124075546 342.983859519 0
-30.638257949 340.473697597 0
-32.40462979 340.046159677 0
-35.482083873 342.017316159 0
-37.643422755 343.56113952 0
-25.157777943 369.929981785 0
-48.066368045 343.41059616 0
-48.766542125 340.949993278 0
-71.852194627 299.879937559 0
-85.195462479 277.414437378 0
-93.197422167 262.910884085 0
-101.633614175 238.324915422 0
-134.899867006 186.911169454 0
-136.021689727 180.746744488 0
-137.226538368 169.511357598 0
-140.299238531 151.320830861 0
-134.391548285 133.847155325 0
-120.019858032 123.459571315 0
-118.28269579 122.604729714 0
-117.192286829 122.269418354 0
-115.797543788 122.082915954 0
-115.111019627 121.922063474 0
-109.615303782 119.743133552 0
-106.193420899 117.441454189 0
-104.930388578 116.220110188 0
-102.693216096 113.237483625 0
-101.473166175 105.642489698 0
-101.685958495 104.616105057 0
-102.249962335 102.676454496 0
-102.518055775 102.170877535 0
-102.923137376 101.534415455 0
-103.465603936 99.410538333 0
-103.243174496 98.456921692 0
-102.933186656 97.726322011 0
-101.727634015 95.814886489 0
-99.395165533 93.525696087 0
-98.923596892 93.276412247 0
-96.56266377 92.579107926 0
-95.823594329 92.343115606 0
-94.723576408 91.741107285 0
-93.637340247 90.706657365 0
-93.321450327 87.375741521 0
-94.847700568 84.712435279 0
-95.051066969 84.187023438 0
-94.505556568 82.675937357 0
-93.696290647 81.889824076 0
-93.127672407 81.601917516 0
-92.583274326 81.369434956 0
-91.653292885 81.366259276 0
-90.690638164 81.559521356 0
-89.904080724 82.389628237 0
-88.993466963 83.590945358 0
-88.357653842 84.293297999 0
-87.621282642 84.634277199 0
-84.692322639 84.622641999 0
-81.232304716 82.692892237 0
-81.347637836 78.092010313 0
-81.622741836 77.274825032 0
-81.461571916 76.531955271 0
-80.689070155 75.07075591 0
-79.100532554 73.674453829 0
-77.379697992 73.437117508 0
-74.393045829 73.765969989 0
-69.803982145 73.279708228 0
-69.241273664 72.995191108 0
-69.182512704 72.826545988 0
-68.959918144 72.139019587 0
-68.881457984 71.717194307 0
-68.783804224 70.928037186 0
-66.708908862 70.848793666 0
-65.951545661 70.165263425 0
-66.017059901 69.286347585 0
-66.385888062 69.072917824 0
-66.464788542 68.234286144 0
-66.512108862 67.043815742 0
-66.517332542 66.767269182 0
-65.968270141 67.108875583 0
-65.590485821 67.246419263 0
-64.996704061 67.353134143 0
-64.5617319 67.410764863 0
-63.022837819 67.824573503 0
-62.477422138 67.372305983 0
-61.429635897 66.035681342 0
-61.205667897 65.556139581 0
-60.777504057 65.425945661 0
-60.033378616 65.345725501 0
-59.720276536 65.699969341 0
-58.976838455 65.515745341 0
-56.354480692 64.29698566 0
-56.227230772 63.98273414 0
-55.959747892 63.336747579 0
-55.133519411 61.201511737 0
-54.940318771 60.741600057 0
-54.704856371 60.186227256 0
-54.593176371 59.891919416 0
-55.032729651 59.664271416 0
-54.901254451 59.540320055 0
-54.767797811 58.876217655 0
-54.769980211 58.713863735 0
-54.717200691 58.453785654 0
-54.463157811 58.279229494 0
-53.19599493 56.151033652 0
-53.145322289 55.723523892 0
-53.97812997 52.659567409 0
-53.63194629 51.721113648 0
-53.96741893 51.199000368 0
-54.14075653 51.253571888 0
-54.362023731 51.152399408 0
-54.885506611 50.083473967 0
-54.895452211 49.644509486 0
-54.675580211 48.967065646 0
-54.241880371 48.525045805 0
-54.338818611 48.416421165 0
-54.534762291 48.173774125 0
-54.409387571 48.108025645 0
-54.284208691 47.481775404 0
-54.587764531 47.018694444 0
-54.631582771 45.059854122 0
-56.194652212 41.865925159 0
-57.159708213 41.112043558 0
-58.532215095 40.628651558 0
-58.537152055 40.455733798 0
-58.413292854 40.189597477 0
-57.849521974 39.560193317 0
-57.617510454 39.484071717 0
-57.232963893 39.383357477 0
-56.946379573 39.232337957 0
-56.577332533 38.005253155 0
-56.448605493 37.036718115 0
-56.350485812 35.507032353 0
-56.048898612 35.224454433 0
-55.580250932 34.527051552 0
-54.902097971 33.451232031 0
-54.819284531 33.212099871 0
-54.325998131 32.26922243 0
-54.05395077 32.07984131 0
-52.973945649 31.061419549 0
-52.628400689 30.973962269 0
-52.272672049 30.871224349 0
-51.908884528 30.552235548 0
-51.964254768 30.295463708 0
-51.995139888 29.224595227 0
-51.862156848 28.753625627 0
-51.639751728 28.012751386 0
-51.428460848 27.755244826 0
-51.291417648 27.798105626 0
-49.905469486 28.112238106 0
-49.602961966 27.958769946 0
-48.370480685 27.543257626 0
-47.084074284 26.827416345 0
-46.161063723 26.234691864 0
-45.368028202 25.881445144 0
-44.503914281 25.535631384 0
-43.584142121 25.296497944 0
-42.8065626 25.050137623 0
-42.4838298 24.939859223 0
-42.199223079 24.844943383 0
-40.758442278 24.400870423 0
-39.513400357 25.338631704 0
-39.085504036 25.986114584 0
-38.284126756 26.543535385 0
-37.534888995 26.500753945 0
-37.181634595 26.370042905 0
-36.044985634 26.898545945 0
-35.916188193 27.261959705 0
-35.488734753 29.412847387 0
-35.488984353 29.540038428 0
-33.191860511 28.826487067 0
-31.117667869 29.120899867 0
-30.815370269 29.074269467 0
-30.573964828 28.997286427 0
-30.554805788 28.300231706 0
-30.279011868 27.526144026 0
-29.869598748 27.245184025 0
-29.503686427 27.132239385 0
-29.374336027 27.215823385 0
-29.206979867 27.342552345 0
-29.155280667 26.887065625 0
-28.034385946 25.113451543 0
-27.942680346 24.968199703 0
-27.510705946 24.839811863 0
-25.865858584 25.219363864 0
-22.629899541 24.900049943 0
-22.543787541 25.014279703 0
-22.140198421 25.112372503 0
-22.00035586 25.028035863 0
-20.306229779 24.885963543 0
-19.749962258 24.828460823 0
-19.490737938 24.733621783 0
-19.167244818 24.236673303 0
-19.242504978 23.768824342 0
-19.261884178 23.298263062 0
-19.213898258 20.868782099 0
-18.387418897 21.57113346 0
-18.503118097 21.00672386 0
-19.381980178 19.823737618 0
-19.802122258 19.107541778 0
-20.328689939 18.277177617 0
-20.625452819 16.810208016 0
-20.869708819 15.760293135 0
-20.800380179 15.368925454 0
-19.993222419 15.582339855 0
-19.932816659 15.856897295 0
-19.854830098 16.230625295 0
-19.715132178 16.217515535 0
-19.262659858 15.992408335 0
-19.024252178 16.149468175 0
-18.925172498 16.131385615 0
-18.820670738 15.937765135 0
-18.517760017 15.578243855 0
-17.752642577 16.494443535 0
-17.949489937 17.151293456 0
-17.290476816 16.503334415 0
-16.686396176 15.384916494 0
-16.595520015 14.379851533 0
-16.114050575 13.617921293 0
-16.134023695 13.444993293 0
-16.735637776 12.037381131 0
-15.375372814 11.21704833 0
-14.784412174 10.30725761 0
-14.600992014 10.019296009 0
-14.061009933 9.208867849 0
-13.290068492 8.373853448 0
-12.990438412 7.196271367 0
-12.894260492 6.076725766 0
-13.335264012 5.637861125 0
-13.114133772 5.540581125 0
-12.207308811 5.426141445 0
-11.889770251 5.379470085 0
-11.549146891 5.210638085 0
-11.439989771 5.233221125 0
-11.824298251 5.656563205 0
-12.411480332 5.940563206 0
-12.498173452 6.116323846 0
-12.512040972 6.706528006 0
-12.682136332 7.961108487 0
-10.89529473 8.452202248 0
-10.80514817 7.815993607 0
-10.71063297 7.535905287 0
-10.69581313 6.464917766 0
-10.33376257 7.018465287 0
-10.183235849 7.097184007 0
-10.140518409 7.135206407 0
-10.128162569 7.185960967 0
-10.49303553 7.939778567 0
-10.24548609 9.128529929 0
-10.082520329 9.230567689 0
-7.888212487 9.839352329 0
-7.959832327 9.641219849 0
-8.729248008 8.765862408 0
-8.465500168 8.513061128 0
-8.216288008 8.529141768 0
-7.285684487 9.405049609 0
-6.882961926 7.686347527 0
-6.797498886 7.359371527 0
-6.346222086 7.645053447 0
-5.652230405 7.802191367 0
-5.488960005 6.810781446 0
-5.862822405 4.863627525 0
-5.153376005 5.322720005 0
-4.076014084 5.752623365 0
-3.896390404 5.639073285 0
-2.255299842 4.726307844 0
-2.984459523 3.506049283 0
-4.014837764 1.795125762 0
-6.144977926 1.019119361 0
-2.961710083 0.3399616 0
-2.995914243 -0.15740416 0
-2.549401602 -0.25989248 0
-2.384266242 0.943207681 0
-2.266520322 1.029866241 0
-0.851808001 0.0757235200001 0
-0.0341184 -0.860162561 0
-0.0769344 -1.910617602 0
0.0981478399999 -2.092684802 0
0.15712 -1.536880641 0
0.238176 -0.899822081 0
0.0 0.0 0
