------------------------------
710.78292903 149.317491323 0
------------------------------
2.94051968 -0.19969664 0
3.16430976 -0.1228224 0
3.78893568 1.263887361 0
3.8696704 1.624988161 0
4.05300608 2.622705922 0
5.11315969 4.274513924 0
6.25686017 4.995054084 0
6.52990593 5.701319685 0
6.56044801 6.609041926 0
6.61075073 7.868165127 0
6.65296385 8.151137287 0
6.81747201 8.516721928 0
8.01799809 10.304138249 0
8.64779009 10.81069825 0
9.55138945 11.712441611 0
10.38392577 12.612142091 0
10.54695425 13.610003212 0
10.39137793 13.924672013 0
10.50694401 16.397305615 0
10.67080577 17.094205456 0
10.88891009 17.957647376 0
11.33143425 19.009239057 0
11.76073217 18.179289617 0
15.24681218 18.848389137 0
12.23984385 22.09605378 0
9.62025217 22.495880981 0
9.61169665 22.776665621 0
12.91187969 23.785920022 0
12.86079361 24.175754262 0
12.97981569 25.022169623 0
12.95123841 25.353669143 0
12.83905793 25.711036184 0
12.86851841 26.429082904 0
9.40862593 28.134599706 0
7.18938625 28.415347226 0
6.91612673 28.566432026 0
6.13876609 28.442767386 0
6.26084737 32.50866307 0
6.59542785 33.770903071 0
6.85248001 34.686937632 0
7.50957825 35.556395553 0
7.70744577 36.652416034 0
7.66825985 37.769601315 0
7.51746817 38.029501475 0
6.54497793 38.400025635 0
6.14771841 38.736819236 0
5.58843393 39.242731556 0
5.96203777 39.441852196 0
6.89456385 38.902662436 0
7.16553473 38.969397796 0
7.16608001 39.421593636 0
6.72338177 40.370411557 0
6.31932033 42.197806119 0
6.30617985 42.564305959 0
4.84970369 44.220252201 0
4.84429441 44.394643241 0
4.89888001 44.929413162 0
4.94736385 45.582997802 0
5.31515393 46.128309803 0
5.33937665 46.453839403 0
4.63430785 46.807800363 0
3.16706816 48.817582125 0
2.29953024 49.507395886 0
2.09488256 49.699879726 0
-0.88459008 51.716785968 0
-0.99033856 54.595759411 0
-0.82935808 59.034565175 0
-2.33236352 59.786795575 0
-2.61416192 59.457473335 0
-3.85537792 58.106517814 0
-4.11525376 58.120449334 0
-4.7987776 58.363399734 0
-4.91456384 58.407590454 0
-5.4828416 59.002051895 0
-5.49316224 60.411861816 0
-5.37499392 61.188211257 0
-4.92904192 61.724797497 0
-4.56261376 61.956867897 0
-2.67471744 63.947543099 0
-1.91616 65.671924541 0
-1.70668544 66.889027902 0
-1.27499776 67.905807423 0
-0.8460992 69.104518464 0
0.32728448 70.686359106 0
-0.28061568 72.771911747 0
-0.35032192 72.851253828 0
-0.43243392 72.948453188 0
-0.39490816 73.124742468 0
-0.358496 73.414725188 0
1.13873792 74.236448069 0
2.41802624 74.379288389 0
2.86321152 73.834641988 0
3.46443008 73.249795908 0
3.91598208 73.015783748 0
4.45280384 72.735032387 0
7.67713025 72.346506307 0
8.09657985 73.598401348 0
12.21436417 71.350013506 0
13.38317569 73.990432069 0
15.50341378 76.394525511 0
16.46882562 76.880505671 0
16.34728834 77.056605511 0
16.03541634 77.356773192 0
15.20593409 78.470447433 0
15.47009026 80.849434955 0
15.4671181 81.074977355 0
15.82746242 83.648760398 0
15.9433165 84.086890318 0
16.45297026 84.209894478 0
17.8536845 85.306487119 0
17.9308301 86.0842676 0
17.9302541 86.383282 0
18.02641922 86.49963144 0
18.56311426 87.073641041 0
18.56251266 87.385327441 0
18.58494082 87.598140241 0
18.93357954 88.342362962 0
19.98735362 87.807802961 0
20.15528194 87.546415441 0
20.53890818 87.249052241 0
21.3859277 87.383959121 0
22.54890626 88.103517522 0
23.01553794 88.175937362 0
23.31521922 87.992800082 0
24.00126978 87.408402001 0
24.12340226 87.215538001 0
25.6525581 86.16041352 0
26.01016451 86.1976052 0
26.60056451 86.5434292 0
26.56225411 86.67782536 0
26.14336771 86.846025041 0
25.8233805 87.031737681 0
25.54158594 87.141349201 0
25.43997954 87.217605201 0
25.42451586 87.341810001 0
26.08473219 88.318450002 0
28.16419331 88.671008082 0
28.55400195 89.113579603 0
28.80716035 89.381611603 0
29.36716931 89.699634003 0
32.57293443 90.062290004 0
33.72583427 89.428677203 0
33.80434051 89.496919123 0
34.69362563 92.296029526 0
34.94709379 92.396419926 0
35.23176963 92.781459286 0
36.18508931 94.424779608 0
36.63819395 95.176088408 0
36.41204611 97.31814793 0
37.14752516 98.265308251 0
36.84253444 99.318501212 0
36.7373402 99.587194972 0
36.11358339 100.563535453 0
34.86834819 101.047945054 0
34.72699779 102.903904096 0
34.67579011 103.255189856 0
34.45623811 104.040943457 0
34.26295427 104.294789217 0
34.01130371 104.561441377 0
33.83590275 104.754432097 0
33.54839427 105.198547298 0
28.48095619 107.32097802 0
28.05346435 108.0036161 0
27.98429187 108.358535781 0
28.01170179 108.616951141 0
27.62002819 109.144929381 0
26.01482627 110.172353382 0
25.67648002 110.669797223 0
25.38176386 110.903608423 0
24.69160834 110.988801383 0
23.78204418 111.720683624 0
21.46832386 111.822251624 0
19.8998285 112.231282024 0
19.05686402 112.625981545 0
19.02358786 114.100878186 0
19.36683778 115.014894187 0
19.56557186 117.201337709 0
19.89145346 117.91012747 0
19.94690946 119.410173551 0
22.45512834 122.376905074 0
22.80707586 122.720737394 0
23.08328834 124.194930035 0
23.2505741 125.588279157 0
22.96445058 126.632965238 0
22.92043266 126.726389878 0
22.83459842 126.891962998 0
22.68389762 127.213267318 0
21.72822018 127.758835319 0
21.60111618 127.832924279 0
21.42334978 129.12190348 0
20.66582018 129.715648121 0
15.93353218 134.490354045 0
15.80659842 134.565646205 0
14.82554753 134.629518205 0
13.88382209 134.709141885 0
13.38401793 134.851799165 0
12.54964609 135.320789886 0
11.88459009 135.849441406 0
11.80497025 135.896609406 0
9.34619009 138.888879489 0
9.06344193 138.329015169 0
8.78048001 138.193870208 0
8.42768001 138.160632448 0
7.80195969 137.967841408 0
7.45581569 137.848179328 0
6.98319617 137.828235648 0
5.53527041 137.542095488 0
4.45689984 137.302773888 0
3.72857216 137.357609088 0
2.8182784 138.143289728 0
2.71177216 138.256303488 0
2.69180416 138.415851649 0
2.81406976 139.73500941 0
2.38531584 140.03485325 0
1.298688 141.320583811 0
1.15306624 141.776960132 0
0.99184384 141.828495492 0
0.82417664 141.880033412 0
0.69997184 141.966907012 0
0.61859968 142.129751172 0
-0.22369152 142.989373573 0
-0.5099264 143.095740293 0
-0.60311808 143.188810373 0
-4.42763008 143.288335493 0
-4.74049024 143.394702213 0
-5.13988608 143.401347973 0
-5.2597056 143.507715973 0
-5.56561792 143.975923334 0
-5.45972992 144.253807494 0
-5.55643392 144.301571974 0
-5.9926336 144.251122054 0
-6.29560449 144.980381575 0
-6.58147585 145.201779335 0
-6.93427585 145.374624135 0
-7.29373185 145.547467655 0
-7.49663361 145.536053895 0
-7.77620993 145.529405575 0
-8.47515393 145.609180295 0
-12.04673409 146.647865736 0
-13.20702209 147.219143817 0
-13.67929217 147.780816777 0
-13.83905025 147.933717897 0
-14.12528385 148.365827978 0
-14.70588801 148.894439818 0
-15.76820737 149.441536139 0
-16.27410945 149.481423499 0
-16.95974017 149.674211979 0
-17.61208578 149.926830219 0
-18.7205901 150.007817099 0
-19.4328461 150.067649419 0
-19.9054669 150.28702734 0
-20.2715789 150.38009742 0
-20.51238786 150.6236059 0
-20.6710797 151.440627341 0
-21.01058562 152.401789582 0
-20.77760386 153.425561743 0
-20.69106818 153.611701903 0
-20.61118978 154.067837583 0
-20.55793538 154.426821264 0
-20.51799554 155.530369425 0
-20.32729218 156.077813905 0
-20.36057474 156.197477265 0
-20.49992962 156.412009105 0
-20.77328386 156.529868945 0
-21.27252994 156.636235666 0
-21.97147394 156.556462226 0
-22.94714242 155.956867985 0
-23.11355778 155.764082065 0
-23.50629762 155.438336144 0
-24.03217026 155.265491344 0
-24.96409474 155.803969425 0
-25.15480834 155.832667025 0
-28.02375171 154.698435984 0
-28.18350979 154.751617424 0
-28.41649027 154.864631184 0
-28.86248195 155.024179344 0
-29.62971011 154.396801424 0
-29.64302467 154.230603663 0
-29.72290179 153.399619983 0
-30.32312195 152.784375182 0
-30.75580035 152.292435342 0
-31.42421379 151.882727821 0
-32.09652995 151.337603981 0
-32.39713027 150.2898779 0
-32.68336387 149.724807819 0
-32.79652867 149.452247179 0
-33.14496259 148.951087498 0
-34.75586179 147.574979977 0
-34.98884227 147.734529417 0
-35.12862979 147.854190217 0
-35.61456387 148.565511818 0
-35.72106755 148.651933578 0
-36.12712195 148.891257738 0
-36.28899587 149.081619339 0
-36.52863235 149.254464139 0
-36.82152451 149.354179979 0
-37.04119171 149.673277579 0
-37.39399171 149.799590539 0
-38.14888835 150.44794766 0
-38.22210947 150.67397646 0
-38.68141572 151.298876301 0
-39.32710788 151.445129101 0
-39.3909146 151.887169421 0
-39.41172996 152.117807501 0
-39.31102596 152.390739342 0
-37.67336835 153.713429903 0
-36.88776451 153.771997583 0
-35.58624387 154.416231824 0
-37.18783235 157.092129426 0
-37.12029187 157.810524307 0
-35.71222275 158.293391507 0
-35.67719427 158.461345427 0
-35.49024003 159.072297108 0
-35.34036739 159.695947668 0
-35.32868611 160.222151829 0
-35.67194627 160.97794703 0
-35.98018051 161.20188559 0
-37.82958595 160.509075349 0
-38.01172611 160.439093909 0
-38.99947652 160.621043349 0
-40.54818436 161.36280591 0
-43.44092804 160.482807189 0
-43.24389252 161.13755407 0
-43.2131418 161.42423951 0
-43.2131418 161.56758415 0
-43.23364356 161.68021135 0
-43.40788996 162.038567831 0
-43.69650692 163.434635672 0
-43.80541188 164.163168153 0
-43.91678212 164.369725593 0
-44.04406404 164.417394073 0
-44.20275204 164.459571353 0
-44.42051076 164.532083353 0
-44.64868612 166.313920155 0
-44.64868612 166.552257435 0
-44.47507204 168.386991517 0
-45.6198362 171.92036624 0
-46.8358362 171.85370512 0
-47.21318788 171.60239888 0
-48.26716804 170.844140959 0
-48.48269956 170.977180319 0
-49.30562821 170.728707999 0
-49.52453381 170.761331359 0
-50.38238341 171.467343519 0
-51.28182789 170.652009119 0
-51.48721157 170.346499998 0
-52.56233221 170.043389598 0
-53.57331589 169.792681118 0
-53.82332805 168.887307677 0
-54.31566597 168.628723357 0
-54.42582789 168.586607517 0
-55.25952005 169.205554077 0
-55.33692805 168.252907676 0
-56.05531141 167.560143516 0
-57.07015429 166.369793435 0
-57.14663813 167.363041436 0
-59.37449093 166.591009435 0
-59.40332549 166.497391515 0
-59.62753029 164.844307353 0
-59.69180805 164.065349273 0
-59.82877189 163.791703192 0
-60.53352966 161.58001039 0
-64.32824582 161.975539351 0
-67.26155782 162.016467351 0
-67.24791174 162.089170071 0
-66.8019559 163.483625112 0
-66.68117766 164.355731353 0
-66.86752006 164.621153433 0
-67.88944262 164.855307673 0
-68.14203398 165.153219994 0
-68.1235239 166.221193115 0
-68.24206214 166.548522395 0
-68.45122182 166.834229915 0
-68.53119366 166.825013915 0
-68.7168679 166.785079195 0
-69.25402374 166.782003355 0
-69.78739334 167.081113755 0
-69.90134022 167.111611035 0
-70.69011975 167.539659676 0
-71.22531975 167.582670236 0
-71.37296391 167.555019676 0
-71.98819975 168.824128157 0
-71.98795783 169.094942877 0
-72.11225991 169.313016477 0
-72.15005191 169.550287518 0
-72.17724807 169.748285598 0
-73.31434247 169.728590238 0
-74.45957255 168.846581917 0
-75.37023623 168.612299677 0
-75.97734663 168.047264156 0
-76.70863879 167.496009116 0
-78.10223239 167.537353116 0
-79.32509447 167.387456156 0
-79.58725383 167.249642395 0
-80.34722823 166.968107675 0
-80.71868807 167.166954395 0
-82.23646216 168.930965917 0
-85.40842888 169.709208478 0
-85.52833928 169.693795998 0
-85.80429832 169.817827998 0
-86.12165256 169.955641758 0
-86.46659976 170.065891998 0
-87.26688264 170.176143518 0
-88.27292808 170.182507678 0
-89.85221768 169.436498078 0
-90.5145204 168.085925276 0
-90.873266 167.741391516 0
-91.72873992 167.259043995 0
-92.86017161 166.735349915 0
-93.20512009 166.721571995 0
-93.72944265 166.914508955 0
-93.93641225 167.383075996 0
-94.04679561 167.755173276 0
-94.22292745 168.152507036 0
-94.37041929 168.194923676 0
-110.60292746 165.792507034 0
-114.82513931 171.084107679 0
-114.62292747 171.83250704 0
-115.07800971 172.50327952 0
-115.93294475 173.778127522 0
-116.46276363 174.656087202 0
-116.80123275 174.712149922 0
-116.81109387 174.710820002 0
-116.86012811 174.704196002 0
-118.25692427 172.47922576 0
-118.35325579 172.22666128 0
-118.79878411 171.60126352 0
-119.13594123 171.565184159 0
-121.60441867 172.0943656 0
-121.84524427 172.33490192 0
-121.91051019 173.210465441 0
-122.08607115 173.537589921 0
-124.96105868 172.10953744 0
-125.55367948 170.785490079 0
-125.50482828 170.374607518 0
-125.84942988 168.578095517 0
-126.18799628 168.256899996 0
-126.66292748 168.002507676 0
-126.64640012 167.811765916 0
-126.56363276 167.627351196 0
-126.35215244 167.356965276 0
-126.14205068 167.039011995 0
-126.0847502 166.810083995 0
-126.09111692 166.644750235 0
-126.26902796 165.936707994 0
-125.12166028 165.317721754 0
-124.5486542 164.815356313 0
-124.37675276 164.459247513 0
-124.24232971 163.420571032 0
-125.35753996 162.990910872 0
-125.6376782 162.768341911 0
-125.67762828 162.347707031 0
-125.68861068 162.246899351 0
-125.48487436 161.967100311 0
-124.6953998 161.61099151 0
-123.30614795 161.16140815 0
-122.98781195 160.748067989 0
-122.89230987 160.582731669 0
-122.78292747 160.232507029 0
-122.94339595 159.962453909 0
-123.61190411 159.504601748 0
-124.4968782 159.415573908 0
-124.85978252 159.078543508 0
-125.3883342 158.076739987 0
-125.61753612 156.989337746 0
-127.55077004 154.342034063 0
-128.22559628 151.863922061 0
-128.15525004 151.503161741 0
-128.05974796 151.439570061 0
-127.54404364 150.15503758 0
-127.70321164 150.23770638 0
-128.3589838 150.40304014 0
-128.3908174 150.30765454 0
-128.59862796 149.708405899 0
-129.9603982 149.261116299 0
-132.41324044 147.451363977 0
-132.39662732 146.923008137 0
-132.47305356 146.919675017 0
-132.60038796 146.938753417 0
-134.17933708 145.717811335 0
-135.35893645 145.411274375 0
-135.51810445 145.455790215 0
-135.67090829 145.551173255 0
-136.06564365 145.532097415 0
-135.88100877 145.354044295 0
-135.77277453 144.686339974 0
-136.68075789 144.149295494 0
-139.12116237 139.163575169 0
-142.51057549 135.798511486 0
-142.85517197 135.591936126 0
-145.04982797 132.640408443 0
-145.68672781 131.518507642 0
-145.70454413 131.258475642 0
-145.51172621 127.612825719 0
-146.10521998 125.453626997 0
-145.72368781 124.903243636 0
-141.56923021 120.780609392 0
-141.60568973 120.626730352 0
-141.69900685 120.493593712 0
-141.56284429 118.92113803 0
-141.16771213 118.77963019 0
-140.88402573 118.62801291 0
-140.73205005 118.47639819 0
-140.64086797 118.36521355 0
-140.38757645 117.768857709 0
-140.51900045 117.449665389 0
-140.82294797 116.903849069 0
-140.53907597 116.343666028 0
-140.40736397 115.767527788 0
-139.59564429 114.081830506 0
-139.58551181 113.930211946 0
-139.55511821 113.819027306 0
-137.05558797 113.328659305 0
-136.35650573 112.894027625 0
-135.82966029 112.327996264 0
-135.45479053 112.216810344 0
-134.23567628 112.195735144 0
-133.31369868 112.084551784 0
-132.78685452 111.912719464 0
-132.10803596 111.811644264 0
-130.92112012 111.650287464 0
-131.3871758 112.266857064 0
-132.06599436 112.650951785 0
-132.50081804 113.525985385 0
-132.14621196 113.505771625 0
-132.00437004 113.536093545 0
-131.88278796 113.546201705 0
-131.38633996 113.485555305 0
-130.76565644 112.882325865 0
-130.26920588 112.316293224 0
-130.07670412 112.124245864 0
-129.57804172 111.715517544 0
-128.5334798 112.043546984 0
-128.3207182 112.447858024 0
-128.72518156 111.107744103 0
-128.10715404 110.238479462 0
-127.8431502 109.363567462 0
-127.67091468 108.999689061 0
-127.44801804 108.807642981 0
-126.30314636 108.807642981 0
-124.98254604 110.823868263 0
-124.33003275 110.531257703 0
-124.27777803 110.537049703 0
-124.10940555 110.594973543 0
-124.09198987 110.652896103 0
-124.06296075 110.983051623 0
-123.87717003 110.676064103 0
-123.42430603 110.479128423 0
-123.28496395 110.461752423 0
-122.94822027 110.513881703 0
-122.63469963 110.502297703 0
-122.57664011 110.490712423 0
-122.46632843 110.459022183 0
-121.84407563 110.214908262 0
-121.35775755 110.194691942 0
-120.82088331 110.866386023 0
-120.64864651 111.018002023 0
-120.51693579 111.311125863 0
-120.94246411 111.604252264 0
-122.47497739 112.540710505 0
-122.85997963 112.813618025 0
-122.87011211 112.823726185 0
-122.97142795 112.843941225 0
-123.05248011 112.985450345 0
-122.38379403 112.874263145 0
-120.05351819 111.873597544 0
-119.76983563 111.802845544 0
-119.35856011 112.113729384 0
-119.27750795 112.204700264 0
-119.18632203 112.305775464 0
-119.19645195 111.759960424 0
-118.90173451 111.178418023 0
-118.47620619 110.895399783 0
-118.19251979 110.774108263 0
-117.92910091 110.743783783 0
-117.64541195 110.622490983 0
-117.56435979 110.036243302 0
-117.85824779 109.709071462 0
-119.18549003 110.649091943 0
-119.56403851 110.599329383 0
-120.16180363 110.366851943 0
-120.62785803 110.073728102 0
-120.60759563 109.952435302 0
-119.66535179 109.679527782 0
-119.52350987 109.639095142 0
-119.43232651 109.345971302 0
-119.47285259 109.123602021 0
-118.83265419 107.94496778 0
-119.18726027 108.0662593 0
-119.49121035 108.329061221 0
-119.63305227 108.430137701 0
-120.03029643 108.548647781 0
-120.39503627 108.265632101 0
-120.71924619 107.51765898 0
-120.38328587 107.036009059 0
-119.77538827 106.843961699 0
-119.42078219 106.702453859 0
-119.03577995 105.984805218 0
-118.95472779 105.651250018 0
-118.92433163 105.408665698 0
-118.76222603 105.206508898 0
-118.30322827 105.108175458 0
-118.11072779 104.835267937 0
-118.01954187 104.734190177 0
-117.97901579 104.744297057 0
-117.92835851 104.764513377 0
-117.87769995 104.835267937 0
-117.51296139 104.976775777 0
-117.37111819 104.976775777 0
-116.58085259 103.895250016 0
-116.45927435 103.682986336 0
-116.33585675 103.476864096 0
-116.23453963 103.325248096 0
-116.17374987 103.234277216 0
-115.99137803 103.345463136 0
-116.08278667 103.905889376 0
-116.54883979 105.078386018 0
-115.11776011 105.841212258 0
-115.04684043 105.972611938 0
-114.57065483 106.093906019 0
-112.22631818 104.330986337 0
-112.3562561 103.819297376 0
-112.4677057 103.455418976 0
-112.47783818 103.273481056 0
-111.05941258 102.889387616 0
-109.35043082 103.721669216 0
-109.45296778 104.160087137 0
-109.57015818 104.408524897 0
-107.61257994 105.966654818 0
-106.99830026 106.218680419 0
-106.90582154 106.236111459 0
-105.21757834 105.952134498 0
-104.83535242 105.853185378 0
-104.77181194 105.535704418 0
-104.63496842 105.319843938 0
-104.3942529 104.971933537 0
-104.33837194 104.735732577 0
-104.30259978 104.334419297 0
-104.25185802 104.187115617 0
-104.26434058 103.986451297 0
-104.22111754 103.752783456 0
-104.1423041 103.331165536 0
-104.30071178 102.124617055 0
-104.35333642 101.514999134 0
-104.26649994 100.590465373 0
-104.19284362 100.280605533 0
-104.07121034 100.095221853 0
-103.93184138 99.886982493 0
-103.40743562 99.249594972 0
-103.40016778 99.243311452 0
-103.16208778 99.055718492 0
-102.77956361 98.960221532 0
-102.71389961 98.930045532 0
-102.43838857 98.871147612 0
-101.60519177 98.828489052 0
-101.11389193 98.434933851 0
-101.06328585 98.435881051 0
-100.83804681 98.440096091 0
-97.58585609 97.11130761 0
-97.35210249 97.13048585 0
-97.09406217 97.24232201 0
-96.48224137 97.46787593 0
-96.44640009 97.483813211 0
-96.29956617 97.42543753 0
-96.17241225 96.70157193 0
-96.02481417 95.746575449 0
-96.09266441 95.185216088 0
-96.08267017 95.151335768 0
-95.85667209 94.443602008 0
-95.82427401 94.374145368 0
-95.71215369 94.133765207 0
-95.58791177 93.856942167 0
-94.52374665 93.668088407 0
-94.34775049 93.737930327 0
-94.14017801 93.677029207 0
-92.96566281 93.380198487 0
-92.42398217 93.260978007 0
-92.09686792 92.501614166 0
-92.61456009 91.206058325 0
-92.88883977 90.682507604 0
-92.92726793 90.610877524 0
-93.14006409 89.459577683 0
-92.40723593 89.425305683 0
-90.92635784 88.930098003 0
-90.62571784 88.653257042 0
-90.06265992 87.898290002 0
-89.7001716 86.829039441 0
-89.335154 85.96661512 0
-89.30088968 85.89010696 0
-88.90384776 84.996812879 0
-88.5913076 84.535287118 0
-88.50028808 84.384512078 0
-88.3160244 84.036637518 0
-89.02189448 83.587857998 0
-89.26814856 83.485577037 0
-89.368562 83.443869517 0
-89.84178184 82.979613517 0
-89.94627208 82.791875917 0
-90.09877384 82.438720076 0
-90.17817864 82.284689996 0
-90.53189768 81.782030156 0
-90.53371272 81.762041676 0
-89.671794 81.184462155 0
-87.9301428 81.179633995 0
-87.63858824 81.035075915 0
-87.710418 80.391491915 0
-87.62304008 80.242449994 0
-87.01283208 80.068435274 0
-85.4025076 80.098037834 0
-83.24220552 80.184929354 0
-82.91382792 80.023257674 0
-82.90519816 80.019008074 0
-82.55164808 78.893763913 0
-82.47808392 78.052733512 0
-82.12999176 77.363269192 0
-81.98180744 77.068508231 0
-82.15913992 76.550624071 0
-82.1354484 76.179687751 0
-81.11648007 75.53183239 0
-81.11271559 75.52986631 0
-80.86672775 75.40140807 0
-80.57158791 75.18665351 0
-78.52152583 74.922859589 0
-78.46101383 74.94416391 0
-78.37214983 75.00638343 0
-77.92891783 75.19344775 0
-77.56685191 75.22033927 0
-75.22631175 75.17170055 0
-75.46322439 74.193785669 0
-75.75412743 72.981017668 0
-75.77154567 72.268369987 0
-75.32322055 71.895697987 0
-73.29544199 71.052057666 0
-72.58461191 70.758121026 0
-72.14962823 70.450507585 0
-71.63155975 70.121053505 0
-71.27482759 69.798307905 0
-70.96653575 69.214827584 0
-70.51699974 68.815721024 0
-70.28058246 68.753436224 0
-70.02775814 68.700231744 0
-69.5370919 68.519947584 0
-69.08340614 67.744826943 0
-69.03202822 67.485107263 0
-68.99444614 67.219271742 0
-69.00058758 66.253440061 0
-69.09202182 65.931055421 0
-69.0954279 65.484506941 0
-68.82576646 65.02978182 0
-68.58920582 64.34875014 0
-68.59051782 64.3458919 0
-69.29735814 62.559057978 0
-69.41955974 62.465322298 0
-69.48834566 62.433377338 0
-69.61640966 62.398447418 0
-69.82104198 62.304169018 0
-69.90146182 62.095461178 0
-69.91659014 61.895859257 0
-69.92283782 61.563008057 0
-69.92307206 61.561152057 0
-69.92358406 61.557085497 0
-70.1165287 60.820396856 0
-70.33003398 59.355781175 0
-69.96044166 56.340847412 0
-69.67871878 55.584508211 0
-69.67137158 55.576273971 0
-68.37304838 54.950755891 0
-68.05319558 54.897090611 0
-67.21394182 54.50045573 0
-67.07343366 54.42134917 0
-66.43173382 54.23351173 0
-66.0958439 54.17900933 0
-65.95255174 54.13934597 0
-65.77945734 54.01616773 0
-66.30091014 53.198525489 0
-66.7574439 52.719399729 0
-66.77475078 52.699328049 0
-66.96568966 52.477863729 0
-67.15367942 52.210620208 0
-67.54792198 51.105297967 0
-67.64445574 50.566680367 0
-67.66186374 50.463625007 0
-67.7669479 49.882245166 0
-67.96078854 49.161376046 0
-68.13035014 48.840657965 0
-68.32459398 48.601198125 0
-69.0019623 47.752593964 0
-69.1097447 47.259319084 0
-69.5339879 46.888305963 0
-70.11803398 46.733991723 0
-70.4804135 46.678795563 0
-70.84303879 46.621235243 0
-71.16899463 46.547825963 0
-71.24486407 46.516935723 0
-71.44952199 45.388842282 0
-71.23888391 44.882333482 0
-71.03833479 44.376801321 0
-71.01255047 44.296124201 0
-70.94831623 43.00760452 0
-70.94455687 42.84547972 0
-70.90668807 42.070287399 0
-70.89319175 41.727955239 0
-70.89328775 41.699261479 0
-70.94618375 41.316832038 0
-70.99525383 41.164143398 0
-71.04074887 41.009916198 0
-71.06488455 40.850923558 0
-70.95654023 40.525267237 0
-70.93137671 40.509615397 0
-70.38805254 40.072675877 0
-70.08029574 39.700327717 0
-70.02704774 39.473626916 0
-70.04539014 38.929728036 0
-70.03880838 38.380227875 0
-69.4324775 37.303747874 0
-70.99253255 33.949537311 0
-71.38784391 33.945661471 0
-71.55143559 33.972358431 0
-71.63371271 34.010440991 0
-71.73495559 34.064261151 0
-71.84683399 34.126961951 0
-72.48423815 33.00597763 0
-71.68962823 31.537685789 0
-71.48997383 31.089265949 0
-71.06473223 30.637369628 0
-70.0778087 28.408665626 0
-69.88680582 27.540113945 0
-69.28969606 26.224925464 0
-68.83915526 25.047255063 0
-67.89627782 25.081794583 0
-67.75787398 25.185414423 0
-66.91880198 25.021349143 0
-66.68524422 24.814113303 0
-66.44899206 24.527787543 0
-65.9433255 24.496035863 0
-64.8877799 24.533821463 0
-64.74775686 23.736028182 0
-65.10290182 22.327477781 0
-65.1896679 21.75584514 0
-65.15452038 21.60383362 0
-65.14674822 20.714388499 0
-65.14674822 20.623452179 0
-64.98733062 20.327915539 0
-64.12179846 19.784669458 0
-64.13845766 20.435744019 0
-63.4878503 20.067137298 0
-61.53403014 16.888389135 0
-61.34062214 14.896651534 0
-61.3842279 13.935873293 0
-60.35413382 11.742528011 0
-59.13811589 9.704327689 0
-58.94803461 9.600029449 0
-58.54193029 9.509509129 0
-58.26590981 9.887514889 0
-58.17307781 10.001501449 0
-58.05168005 10.129738249 0
-57.93742213 10.208104969 0
-57.70890757 10.443203849 0
-57.59465221 10.55719169 0
-57.34747013 10.475709449 0
-57.10367749 10.348017929 0
-56.20195973 12.099621131 0
-56.07192197 12.419143691 0
-55.51176197 12.249397771 0
-53.06669957 10.50841345 0
-53.42103173 13.804793613 0
-51.60928645 14.695197453 0
-50.33113093 15.100367374 0
-48.94570372 14.936765454 0
-48.3293978 14.739723533 0
-47.79281796 14.617349133 0
-47.56781956 14.616331533 0
-47.1888282 14.600234253 0
-47.0416282 14.635892493 0
-44.6156186 13.767311373 0
-44.45108996 13.460935692 0
-42.02556804 12.402499851 0
-41.51220996 12.569091851 0
-41.00555396 12.791477772 0
-40.23672196 13.761610253 0
-39.95675012 14.197685773 0
-38.35408387 14.658496013 0
-36.26529795 15.640733454 0
-34.10831619 16.140907535 0
-32.77757955 17.661937936 0
-32.55055363 17.669038096 0
-31.88493955 17.692701456 0
-31.48255619 17.705323536 0
-31.06968195 17.720311056 0
-30.54660867 17.818913296 0
-29.34643971 18.599957777 0
-28.85209987 19.002279697 0
-26.30145794 19.813150738 0
-25.72739202 19.892677138 0
-24.5847949 19.973374738 0
-23.23805442 20.244888339 0
-21.91065986 21.133607699 0
-21.30507394 22.2953613 0
-20.1084941 22.04690946 0
-20.14088834 22.15335298 0
-19.43514626 22.626513941 0
-20.12867202 21.177049619 0
-18.33469826 20.648842259 0
-18.08528642 20.768529939 0
-17.72056578 21.079633939 0
-13.40699777 19.527612178 0
-13.58964737 18.651274257 0
-13.59607809 17.518300176 0
-12.85403009 16.339741455 0
-13.40608001 14.327857933 0
-12.35654401 13.663119372 0
-12.55143425 12.865263372 0
-13.05380737 12.893995532 0
-13.20221569 12.237455371 0
-12.68499585 11.692701451 0
-12.68016385 11.20203137 0
-13.13128193 7.745364487 0
-13.09586049 6.832134406 0
-12.46100225 5.995726085 0
-12.05479553 5.122945284 0
-12.47086593 4.705969924 0
-12.43262209 4.290941444 0
-12.38356865 3.989646083 0
-12.24908929 3.536025603 0
-11.98539777 3.041057283 0
-11.76785793 2.910583042 0
-11.22482049 2.444049922 0
-10.82605825 2.046784002 0
-10.61145857 1.845519361 0
-10.34319873 1.709642241 0
-10.08179585 1.705326081 0
-9.79035393 1.627461121 0
-9.54834561 1.337493761 0
-9.36793985 0.926543361 0
-8.56742017 -0.234712321 0
-8.12436609 -0.877598721 0
-6.68934401 -1.595566082 0
-5.60355584 -2.134096642 0
-4.96994816 -2.742874883 0
-3.54745216 -3.878044164 0
-2.92121216 -3.996145924 0
-2.4380544 -3.835060484 0
-2.13058176 -3.323764483 0
-1.91865216 -2.655018243 0
-1.57570432 -1.706442242 0
0.0 0.0 0
